iteration,loss,lengthscale,outputscale,likelyhood_noise,test_MAE,test_NLL,test_PICP50,test_PICP90,test_PICP95,test_RMSE,it_time_training,it_time
0,1.1787089175793677,0.9868271187862796,1,0.649712251559909,0.3536163862348841,0.6609669213541682,0.5991997718811035,0.92699134349823,0.9730040431022644,0.45696738340014625,0.2429924951866269,0.33271701261401176
1,1.1712034213955431,1.0517322627030463,1,0.4549256751693923,0.3514692256681504,0.6445092442382874,0.5375505685806274,0.8696652054786682,0.9267613887786865,0.4560980922985677,0.016058634966611862,0.08219137601554394
2,1.15860762826935,1.0496750058510025,1,0.5114172540266892,0.3521192255215849,0.6433722120778507,0.5559464693069458,0.8872332572937012,0.9439155459403992,0.45627856221669527,0.01612368505448103,0.06589734461158514
3,1.1561258494912248,1.0671721332118558,1,0.5059119835425809,0.35202755506526895,0.6428937766135173,0.553646981716156,0.8854166865348816,0.9421449303627014,0.45617787768825035,0.01222276408225298,0.05762845743447542
4,1.1556639445231363,1.2604134795510304,1,0.4871348952325681,0.35176886160689214,0.6404503613817288,0.5440811514854431,0.8773224949836731,0.935706377029419,0.4555347541504631,0.012103745713829994,0.057307361625134945
5,1.1529541806981223,1.4674164244385808,1,0.49325091152259787,0.3520742279221765,0.6390555528902129,0.5427704453468323,0.8781272768974304,0.9372010827064514,0.4553001415902275,0.012265094555914402,0.05740073136985302
6,1.151400515377728,1.617956343146707,1,0.5110954877600893,0.3517284954420101,0.6375395333037565,0.5477603077888489,0.8840369582176208,0.9422599077224731,0.45474638858920774,0.012132525444030762,0.05725879222154617
7,1.1507028439409126,1.6411244738182655,1,0.5132101197708983,0.35166921091487946,0.6373513490804609,0.548358142375946,0.8845888376235962,0.9428578019142151,0.45465900137531,0.012611061334609985,0.05764218792319298
8,1.1506914060562756,1.6445834797616183,1,0.5132690100658479,0.35163698499475915,0.6372908472359261,0.5484041571617126,0.8845658302307129,0.9428347945213318,0.45463109550242664,0.01240331307053566,0.05728789232671261
9,1.1506904289984417,1.6425818831764525,1,0.5127598875859062,0.3515006093518206,0.6371297869439819,0.5485421419143677,0.8843359351158142,0.9428117871284485,0.4545459544141086,0.012382523156702518,0.05752292927354574
10,1.1506869954336534,1.6397855089376978,1,0.5126520196430754,0.3514743496897697,0.6371164793290747,0.5485880970954895,0.8842899203300476,0.9427658319473267,0.45453463657675025,0.012561000883579254,0.05748564004898071
11,1.150686485878645,1.6398982975741736,1,0.5127705015641897,0.351504231224871,0.637157342141238,0.5484961271286011,0.8842899203300476,0.9428117871284485,0.4545547836431531,0.013021297752857208,0.05818278342485428
12,1.150686411331829,1.6395381119699126,1,0.512737498103806,0.35150200347347665,0.6371560920875686,0.5484731197357178,0.8842669129371643,0.9428117871284485,0.45455398205502345,0.0128761176019907,0.05771665647625923
13,1.1506864089285893,1.6395381119699126,1,0.512737498103806,0.35150200347347665,0.6371560920875686,0.5484731197357178,0.8842669129371643,0.9428117871284485,0.45455398205502345,0.007424133829772472,0.052649068646132946
14,1.1506864089285893,1.6395381119699126,1,0.512737498103806,0.35150200347347665,0.6371560920875686,0.5484731197357178,0.8842669129371643,0.9428117871284485,0.45455398205502345,0.007810190320014954,0.05311379488557577
15,1.1506864089285893,1.6395381119699126,1,0.512737498103806,0.35150200347347665,0.6371560920875686,0.5484731197357178,0.8842669129371643,0.9428117871284485,0.45455398205502345,0.007524413056671619,0.05307404510676861
16,1.1506864089285893,1.6395381119699126,1,0.512737498103806,0.35150200347347665,0.6371560920875686,0.5484731197357178,0.8842669129371643,0.9428117871284485,0.45455398205502345,0.007480942644178867,0.05373517796397209
17,1.1506864089285893,1.6395381119699126,1,0.512737498103806,0.35150200347347665,0.6371560920875686,0.5484731197357178,0.8842669129371643,0.9428117871284485,0.45455398205502345,0.007994288578629494,0.0530878147110343
18,1.1506864089285893,1.6395381119699126,1,0.512737498103806,0.35150200347347665,0.6371560920875686,0.5484731197357178,0.8842669129371643,0.9428117871284485,0.45455398205502345,0.007320784963667393,0.05220763385295868
19,1.1506864089285893,1.6395381119699126,1,0.512737498103806,0.35150200347347665,0.6371560920875686,0.5484731197357178,0.8842669129371643,0.9428117871284485,0.45455398205502345,0.007521613501012325,0.0530045460909605
20,1.1506864089285893,1.6395381119699126,1,0.512737498103806,0.35150200347347665,0.6371560920875686,0.5484731197357178,0.8842669129371643,0.9428117871284485,0.45455398205502345,0.007631302811205387,0.05330545362085104
21,1.1506864089285893,1.6395381119699126,1,0.512737498103806,0.35150200347347665,0.6371560920875686,0.5484731197357178,0.8842669129371643,0.9428117871284485,0.45455398205502345,0.007414083927869797,0.05301803443580866
22,1.1506864089285893,1.6395381119699126,1,0.512737498103806,0.35150200347347665,0.6371560920875686,0.5484731197357178,0.8842669129371643,0.9428117871284485,0.45455398205502345,0.00760258175432682,0.05238172225654125
23,1.1506864089285893,1.6395381119699126,1,0.512737498103806,0.35150200347347665,0.6371560920875686,0.5484731197357178,0.8842669129371643,0.9428117871284485,0.45455398205502345,0.007488052360713482,0.052750357426702976
24,1.1506864089285893,1.6395381119699126,1,0.512737498103806,0.35150200347347665,0.6371560920875686,0.5484731197357178,0.8842669129371643,0.9428117871284485,0.45455398205502345,0.007542211562395096,0.05296511575579643
25,1.1506864089285893,1.6395381119699126,1,0.512737498103806,0.35150200347347665,0.6371560920875686,0.5484731197357178,0.8842669129371643,0.9428117871284485,0.45455398205502345,0.007378043606877327,0.05255548004060984
26,1.1506864089285893,1.6395381119699126,1,0.512737498103806,0.35150200347347665,0.6371560920875686,0.5484731197357178,0.8842669129371643,0.9428117871284485,0.45455398205502345,0.007297104224562645,0.052547100000083447
27,1.1506864089285893,1.6395381119699126,1,0.512737498103806,0.35150200347347665,0.6371560920875686,0.5484731197357178,0.8842669129371643,0.9428117871284485,0.45455398205502345,0.007885518483817577,0.053126283921301365
28,1.1506864089285893,1.6395381119699126,1,0.512737498103806,0.35150200347347665,0.6371560920875686,0.5484731197357178,0.8842669129371643,0.9428117871284485,0.45455398205502345,0.0075651416555047035,0.05296182632446289
29,1.1506864089285893,1.6395381119699126,1,0.512737498103806,0.35150200347347665,0.6371560920875686,0.5484731197357178,0.8842669129371643,0.9428117871284485,0.45455398205502345,0.007692880928516388,0.0538621973246336
30,1.1506864089285893,1.6395381119699126,1,0.512737498103806,0.35150200347347665,0.6371560920875686,0.5484731197357178,0.8842669129371643,0.9428117871284485,0.45455398205502345,0.00741509348154068,0.0523106325417757
31,1.1506864089285893,1.6395381119699126,1,0.512737498103806,0.35150200347347665,0.6371560920875686,0.5484731197357178,0.8842669129371643,0.9428117871284485,0.45455398205502345,0.007381443865597248,0.05238988250494003
32,1.1506864089285893,1.6395381119699126,1,0.512737498103806,0.35150200347347665,0.6371560920875686,0.5484731197357178,0.8842669129371643,0.9428117871284485,0.45455398205502345,0.007631220854818821,0.053056574426591396
33,1.1506864089285893,1.6395381119699126,1,0.512737498103806,0.35150200347347665,0.6371560920875686,0.5484731197357178,0.8842669129371643,0.9428117871284485,0.45455398205502345,0.007462783716619015,0.05288355704396963
34,1.1506864089285893,1.6395381119699126,1,0.512737498103806,0.35150200347347665,0.6371560920875686,0.5484731197357178,0.8842669129371643,0.9428117871284485,0.45455398205502345,0.007355924695730209,0.0529118562117219
35,1.1506864089285893,1.6395381119699126,1,0.512737498103806,0.35150200347347665,0.6371560920875686,0.5484731197357178,0.8842669129371643,0.9428117871284485,0.45455398205502345,0.0076502906158566475,0.052531490102410316
36,1.1506864089285893,1.6395381119699126,1,0.512737498103806,0.35150200347347665,0.6371560920875686,0.5484731197357178,0.8842669129371643,0.9428117871284485,0.45455398205502345,0.007476123981177807,0.05329834297299385
37,1.1506864089285893,1.6395381119699126,1,0.512737498103806,0.35150200347347665,0.6371560920875686,0.5484731197357178,0.8842669129371643,0.9428117871284485,0.45455398205502345,0.007807859219610691,0.05358157865703106
38,1.1506864089285893,1.6395381119699126,1,0.512737498103806,0.35150200347347665,0.6371560920875686,0.5484731197357178,0.8842669129371643,0.9428117871284485,0.45455398205502345,0.007651671767234802,0.05283230822533369
39,1.1506864089285893,1.6395381119699126,1,0.512737498103806,0.35150200347347665,0.6371560920875686,0.5484731197357178,0.8842669129371643,0.9428117871284485,0.45455398205502345,0.007407844066619873,0.05224859435111284
40,1.1506864089285893,1.6395381119699126,1,0.512737498103806,0.35150200347347665,0.6371560920875686,0.5484731197357178,0.8842669129371643,0.9428117871284485,0.45455398205502345,0.007351364009082317,0.05270006787031889
41,1.1506864089285893,1.6395381119699126,1,0.512737498103806,0.35150200347347665,0.6371560920875686,0.5484731197357178,0.8842669129371643,0.9428117871284485,0.45455398205502345,0.007362004369497299,0.0538777569308877
42,1.1506864089285893,1.6395381119699126,1,0.512737498103806,0.35150200347347665,0.6371560920875686,0.5484731197357178,0.8842669129371643,0.9428117871284485,0.45455398205502345,0.007679011672735214,0.053311172872781754
43,1.1506864089285893,1.6395381119699126,1,0.512737498103806,0.35150200347347665,0.6371560920875686,0.5484731197357178,0.8842669129371643,0.9428117871284485,0.45455398205502345,0.0074135540053248405,0.05230448301881552
44,1.1506864089285893,1.6395381119699126,1,0.512737498103806,0.35150200347347665,0.6371560920875686,0.5484731197357178,0.8842669129371643,0.9428117871284485,0.45455398205502345,0.007407044060528278,0.05292942654341459
45,1.1506864089285893,1.6395381119699126,1,0.512737498103806,0.35150200347347665,0.6371560920875686,0.5484731197357178,0.8842669129371643,0.9428117871284485,0.45455398205502345,0.007662292569875717,0.053390041925013065
46,1.1506864089285893,1.6395381119699126,1,0.512737498103806,0.35150200347347665,0.6371560920875686,0.5484731197357178,0.8842669129371643,0.9428117871284485,0.45455398205502345,0.0076529113575816154,0.053209143690764904
47,1.1506864089285893,1.6395381119699126,1,0.512737498103806,0.35150200347347665,0.6371560920875686,0.5484731197357178,0.8842669129371643,0.9428117871284485,0.45455398205502345,0.007402374409139156,0.052537030540406704
48,1.1506864089285893,1.6395381119699126,1,0.512737498103806,0.35150200347347665,0.6371560920875686,0.5484731197357178,0.8842669129371643,0.9428117871284485,0.45455398205502345,0.007339154370129108,0.0526857590302825
49,1.1506864089285893,1.6395381119699126,1,0.512737498103806,0.35150200347347665,0.6371560920875686,0.5484731197357178,0.8842669129371643,0.9428117871284485,0.45455398205502345,0.007285835221409798,0.05282233748584986
50,1.1506864089285893,1.6395381119699126,1,0.512737498103806,0.35150200347347665,0.6371560920875686,0.5484731197357178,0.8842669129371643,0.9428117871284485,0.45455398205502345,0.007666921243071556,0.053304173052310944
51,1.1506864089285893,1.6395381119699126,1,0.512737498103806,0.35150200347347665,0.6371560920875686,0.5484731197357178,0.8842669129371643,0.9428117871284485,0.45455398205502345,0.007521752268075943,0.05260854959487915
52,1.1506864089285893,1.6395381119699126,1,0.512737498103806,0.35150200347347665,0.6371560920875686,0.5484731197357178,0.8842669129371643,0.9428117871284485,0.45455398205502345,0.0074392640963196754,0.05289651732891798
53,1.1506864089285893,1.6395381119699126,1,0.512737498103806,0.35150200347347665,0.6371560920875686,0.5484731197357178,0.8842669129371643,0.9428117871284485,0.45455398205502345,0.00788640882819891,0.05329653341323137
54,1.1506864089285893,1.6395381119699126,1,0.512737498103806,0.35150200347347665,0.6371560920875686,0.5484731197357178,0.8842669129371643,0.9428117871284485,0.45455398205502345,0.007516073063015938,0.052893536165356636
55,1.1506864089285893,1.6395381119699126,1,0.512737498103806,0.35150200347347665,0.6371560920875686,0.5484731197357178,0.8842669129371643,0.9428117871284485,0.45455398205502345,0.007485543377697468,0.05298698507249355
56,1.1506864089285893,1.6395381119699126,1,0.512737498103806,0.35150200347347665,0.6371560920875686,0.5484731197357178,0.8842669129371643,0.9428117871284485,0.45455398205502345,0.007299705408513546,0.05258772987872362
57,1.1506864089285893,1.6395381119699126,1,0.512737498103806,0.35150200347347665,0.6371560920875686,0.5484731197357178,0.8842669129371643,0.9428117871284485,0.45455398205502345,0.007538503035902977,0.05289899744093418
58,1.1506864089285893,1.6395381119699126,1,0.512737498103806,0.35150200347347665,0.6371560920875686,0.5484731197357178,0.8842669129371643,0.9428117871284485,0.45455398205502345,0.007364053279161453,0.05249008070677519
59,1.1506864089285893,1.6395381119699126,1,0.512737498103806,0.35150200347347665,0.6371560920875686,0.5484731197357178,0.8842669129371643,0.9428117871284485,0.45455398205502345,0.007762240245938301,0.05273315776139498
60,1.1506864089285893,1.6395381119699126,1,0.512737498103806,0.35150200347347665,0.6371560920875686,0.5484731197357178,0.8842669129371643,0.9428117871284485,0.45455398205502345,0.007421462796628475,0.052482000552117825
61,1.1506864089285893,1.6395381119699126,1,0.512737498103806,0.35150200347347665,0.6371560920875686,0.5484731197357178,0.8842669129371643,0.9428117871284485,0.45455398205502345,0.007618570700287819,0.05296052619814873
62,1.1506864089285893,1.6395381119699126,1,0.512737498103806,0.35150200347347665,0.6371560920875686,0.5484731197357178,0.8842669129371643,0.9428117871284485,0.45455398205502345,0.007447534240782261,0.05289334710687399
63,1.1506864089285893,1.6395381119699126,1,0.512737498103806,0.35150200347347665,0.6371560920875686,0.5484731197357178,0.8842669129371643,0.9428117871284485,0.45455398205502345,0.007534473203122616,0.05300345551222563
64,1.1506864089285893,1.6395381119699126,1,0.512737498103806,0.35150200347347665,0.6371560920875686,0.5484731197357178,0.8842669129371643,0.9428117871284485,0.45455398205502345,0.007602102123200893,0.052841776981949806
65,1.1506864089285893,1.6395381119699126,1,0.512737498103806,0.35150200347347665,0.6371560920875686,0.5484731197357178,0.8842669129371643,0.9428117871284485,0.45455398205502345,0.007664340548217297,0.052975925616919994
66,1.1506864089285893,1.6395381119699126,1,0.512737498103806,0.35150200347347665,0.6371560920875686,0.5484731197357178,0.8842669129371643,0.9428117871284485,0.45455398205502345,0.007586121559143066,0.05352126993238926
67,1.1506864089285893,1.6395381119699126,1,0.512737498103806,0.35150200347347665,0.6371560920875686,0.5484731197357178,0.8842669129371643,0.9428117871284485,0.45455398205502345,0.007587681524455547,0.052882056683301926
68,1.1506864089285893,1.6395381119699126,1,0.512737498103806,0.35150200347347665,0.6371560920875686,0.5484731197357178,0.8842669129371643,0.9428117871284485,0.45455398205502345,0.007431344129145145,0.052214084193110466
69,1.1506864089285893,1.6395381119699126,1,0.512737498103806,0.35150200347347665,0.6371560920875686,0.5484731197357178,0.8842669129371643,0.9428117871284485,0.45455398205502345,0.0074196141213178635,0.052673389203846455
70,1.1506864089285893,1.6395381119699126,1,0.512737498103806,0.35150200347347665,0.6371560920875686,0.5484731197357178,0.8842669129371643,0.9428117871284485,0.45455398205502345,0.0076121920719742775,0.05311970412731171
71,1.1506864089285893,1.6395381119699126,1,0.512737498103806,0.35150200347347665,0.6371560920875686,0.5484731197357178,0.8842669129371643,0.9428117871284485,0.45455398205502345,0.007380643859505653,0.0529776755720377
72,1.1506864089285893,1.6395381119699126,1,0.512737498103806,0.35150200347347665,0.6371560920875686,0.5484731197357178,0.8842669129371643,0.9428117871284485,0.45455398205502345,0.007503853179514408,0.052755569107830524
73,1.1506864089285893,1.6395381119699126,1,0.512737498103806,0.35150200347347665,0.6371560920875686,0.5484731197357178,0.8842669129371643,0.9428117871284485,0.45455398205502345,0.007496262900531292,0.05267997831106186
74,1.1506864089285893,1.6395381119699126,1,0.512737498103806,0.35150200347347665,0.6371560920875686,0.5484731197357178,0.8842669129371643,0.9428117871284485,0.45455398205502345,0.0075120022520422935,0.053134284913539886
75,1.1506864089285893,1.6395381119699126,1,0.512737498103806,0.35150200347347665,0.6371560920875686,0.5484731197357178,0.8842669129371643,0.9428117871284485,0.45455398205502345,0.007807550020515919,0.053488451056182384
76,1.1506864089285893,1.6395381119699126,1,0.512737498103806,0.35150200347347665,0.6371560920875686,0.5484731197357178,0.8842669129371643,0.9428117871284485,0.45455398205502345,0.007555441930890083,0.05244410131126642
77,1.1506864089285893,1.6395381119699126,1,0.512737498103806,0.35150200347347665,0.6371560920875686,0.5484731197357178,0.8842669129371643,0.9428117871284485,0.45455398205502345,0.00742376409471035,0.05263673048466444
78,1.1506864089285893,1.6395381119699126,1,0.512737498103806,0.35150200347347665,0.6371560920875686,0.5484731197357178,0.8842669129371643,0.9428117871284485,0.45455398205502345,0.007468683645129204,0.05304082576185465
79,1.1506864089285893,1.6395381119699126,1,0.512737498103806,0.35150200347347665,0.6371560920875686,0.5484731197357178,0.8842669129371643,0.9428117871284485,0.45455398205502345,0.007567622698843479,0.05333785153925419
80,1.1506864089285893,1.6395381119699126,1,0.512737498103806,0.35150200347347665,0.6371560920875686,0.5484731197357178,0.8842669129371643,0.9428117871284485,0.45455398205502345,0.007816639728844166,0.05326212290674448
81,1.1506864089285893,1.6395381119699126,1,0.512737498103806,0.35150200347347665,0.6371560920875686,0.5484731197357178,0.8842669129371643,0.9428117871284485,0.45455398205502345,0.008209734223783016,0.05345691088587046
82,1.1506864089285893,1.6395381119699126,1,0.512737498103806,0.35150200347347665,0.6371560920875686,0.5484731197357178,0.8842669129371643,0.9428117871284485,0.45455398205502345,0.008101346902549267,0.053583599627017975
83,1.1506864089285893,1.6395381119699126,1,0.512737498103806,0.35150200347347665,0.6371560920875686,0.5484731197357178,0.8842669129371643,0.9428117871284485,0.45455398205502345,0.007602201774716377,0.05304373521357775
84,1.1506864089285893,1.6395381119699126,1,0.512737498103806,0.35150200347347665,0.6371560920875686,0.5484731197357178,0.8842669129371643,0.9428117871284485,0.45455398205502345,0.007767580449581146,0.053498171269893646
85,1.1506864089285893,1.6395381119699126,1,0.512737498103806,0.35150200347347665,0.6371560920875686,0.5484731197357178,0.8842669129371643,0.9428117871284485,0.45455398205502345,0.007660371251404285,0.05295917671173811
86,1.1506864089285893,1.6395381119699126,1,0.512737498103806,0.35150200347347665,0.6371560920875686,0.5484731197357178,0.8842669129371643,0.9428117871284485,0.45455398205502345,0.007453172467648983,0.05285681691020727
87,1.1506864089285893,1.6395381119699126,1,0.512737498103806,0.35150200347347665,0.6371560920875686,0.5484731197357178,0.8842669129371643,0.9428117871284485,0.45455398205502345,0.007582251913845539,0.0533410320058465
88,1.1506864089285893,1.6395381119699126,1,0.512737498103806,0.35150200347347665,0.6371560920875686,0.5484731197357178,0.8842669129371643,0.9428117871284485,0.45455398205502345,0.007668321952223778,0.05310347583144903
89,1.1506864089285893,1.6395381119699126,1,0.512737498103806,0.35150200347347665,0.6371560920875686,0.5484731197357178,0.8842669129371643,0.9428117871284485,0.45455398205502345,0.0073886048048734665,0.053013626486063004
90,1.1506864089285893,1.6395381119699126,1,0.512737498103806,0.35150200347347665,0.6371560920875686,0.5484731197357178,0.8842669129371643,0.9428117871284485,0.45455398205502345,0.007642531767487526,0.05267005879431963
91,1.1506864089285893,1.6395381119699126,1,0.512737498103806,0.35150200347347665,0.6371560920875686,0.5484731197357178,0.8842669129371643,0.9428117871284485,0.45455398205502345,0.007528763264417648,0.052889056503772736
92,1.1506864089285893,1.6395381119699126,1,0.512737498103806,0.35150200347347665,0.6371560920875686,0.5484731197357178,0.8842669129371643,0.9428117871284485,0.45455398205502345,0.0075823115184903145,0.05310709401965141
93,1.1506864089285893,1.6395381119699126,1,0.512737498103806,0.35150200347347665,0.6371560920875686,0.5484731197357178,0.8842669129371643,0.9428117871284485,0.45455398205502345,0.007501672953367233,0.053145093843340874
94,1.1506864089285893,1.6395381119699126,1,0.512737498103806,0.35150200347347665,0.6371560920875686,0.5484731197357178,0.8842669129371643,0.9428117871284485,0.45455398205502345,0.0073933834210038185,0.05259738955646753
95,1.1506864089285893,1.6395381119699126,1,0.512737498103806,0.35150200347347665,0.6371560920875686,0.5484731197357178,0.8842669129371643,0.9428117871284485,0.45455398205502345,0.007658751681447029,0.05300131533294916
96,1.1506864089285893,1.6395381119699126,1,0.512737498103806,0.35150200347347665,0.6371560920875686,0.5484731197357178,0.8842669129371643,0.9428117871284485,0.45455398205502345,0.007830790244042873,0.05346701107919216
97,1.1506864089285893,1.6395381119699126,1,0.512737498103806,0.35150200347347665,0.6371560920875686,0.5484731197357178,0.8842669129371643,0.9428117871284485,0.45455398205502345,0.007609971798956394,0.05707861389964819
98,1.1506864089285893,1.6395381119699126,1,0.512737498103806,0.35150200347347665,0.6371560920875686,0.5484731197357178,0.8842669129371643,0.9428117871284485,0.45455398205502345,0.007871679030358791,0.053319232538342476
99,1.1506864089285893,1.6395381119699126,1,0.512737498103806,0.35150200347347665,0.6371560920875686,0.5484731197357178,0.8842669129371643,0.9428117871284485,0.45455398205502345,0.007421302609145641,0.05248255096375942
100,1.1506864089285893,1.6395381119699126,1,0.512737498103806,0.35150200347347665,0.6371560920875686,0.5484731197357178,0.8842669129371643,0.9428117871284485,0.45455398205502345,0.007954789325594902,0.05314401537179947
101,1.1506864089285893,1.6395381119699126,1,0.512737498103806,0.35150200347347665,0.6371560920875686,0.5484731197357178,0.8842669129371643,0.9428117871284485,0.45455398205502345,0.007787670008838177,0.0533114317804575
102,1.1506864089285893,1.6395381119699126,1,0.512737498103806,0.35150200347347665,0.6371560920875686,0.5484731197357178,0.8842669129371643,0.9428117871284485,0.45455398205502345,0.007637881673872471,0.05349261127412319
103,1.1506864089285893,1.6395381119699126,1,0.512737498103806,0.35150200347347665,0.6371560920875686,0.5484731197357178,0.8842669129371643,0.9428117871284485,0.45455398205502345,0.007695890963077545,0.053290871903300285
104,1.1506864089285893,1.6395381119699126,1,0.512737498103806,0.35150200347347665,0.6371560920875686,0.5484731197357178,0.8842669129371643,0.9428117871284485,0.45455398205502345,0.007684450596570969,0.05289642699062824
105,1.1506864089285893,1.6395381119699126,1,0.512737498103806,0.35150200347347665,0.6371560920875686,0.5484731197357178,0.8842669129371643,0.9428117871284485,0.45455398205502345,0.007389393635094166,0.05283318739384413
106,1.1506864089285893,1.6395381119699126,1,0.512737498103806,0.35150200347347665,0.6371560920875686,0.5484731197357178,0.8842669129371643,0.9428117871284485,0.45455398205502345,0.008161636069417,0.05371932778507471
107,1.1506864089285893,1.6395381119699126,1,0.512737498103806,0.35150200347347665,0.6371560920875686,0.5484731197357178,0.8842669129371643,0.9428117871284485,0.45455398205502345,0.007632610388100147,0.05309686344116926
108,1.1506864089285893,1.6395381119699126,1,0.512737498103806,0.35150200347347665,0.6371560920875686,0.5484731197357178,0.8842669129371643,0.9428117871284485,0.45455398205502345,0.00735070463269949,0.05225147306919098
109,1.1506864089285893,1.6395381119699126,1,0.512737498103806,0.35150200347347665,0.6371560920875686,0.5484731197357178,0.8842669129371643,0.9428117871284485,0.45455398205502345,0.0075276512652635574,0.05266781896352768
110,1.1506864089285893,1.6395381119699126,1,0.512737498103806,0.35150200347347665,0.6371560920875686,0.5484731197357178,0.8842669129371643,0.9428117871284485,0.45455398205502345,0.007432892918586731,0.05308275390416384
111,1.1506864089285893,1.6395381119699126,1,0.512737498103806,0.35150200347347665,0.6371560920875686,0.5484731197357178,0.8842669129371643,0.9428117871284485,0.45455398205502345,0.007912118919193745,0.05344846099615097
112,1.1506864089285893,1.6395381119699126,1,0.512737498103806,0.35150200347347665,0.6371560920875686,0.5484731197357178,0.8842669129371643,0.9428117871284485,0.45455398205502345,0.007484393194317818,0.052923496812582016
113,1.1506864089285893,1.6395381119699126,1,0.512737498103806,0.35150200347347665,0.6371560920875686,0.5484731197357178,0.8842669129371643,0.9428117871284485,0.45455398205502345,0.007984758354723454,0.05347474105656147
114,1.1506864089285893,1.6395381119699126,1,0.512737498103806,0.35150200347347665,0.6371560920875686,0.5484731197357178,0.8842669129371643,0.9428117871284485,0.45455398205502345,0.007506493479013443,0.052590000443160534
115,1.1506864089285893,1.6395381119699126,1,0.512737498103806,0.35150200347347665,0.6371560920875686,0.5484731197357178,0.8842669129371643,0.9428117871284485,0.45455398205502345,0.007508252747356892,0.053015345707535744
116,1.1506864089285893,1.6395381119699126,1,0.512737498103806,0.35150200347347665,0.6371560920875686,0.5484731197357178,0.8842669129371643,0.9428117871284485,0.45455398205502345,0.007521243765950203,0.05306197516620159
117,1.1506864089285893,1.6395381119699126,1,0.512737498103806,0.35150200347347665,0.6371560920875686,0.5484731197357178,0.8842669129371643,0.9428117871284485,0.45455398205502345,0.00734985526651144,0.05241587199270725
118,1.1506864089285893,1.6395381119699126,1,0.512737498103806,0.35150200347347665,0.6371560920875686,0.5484731197357178,0.8842669129371643,0.9428117871284485,0.45455398205502345,0.007636641152203083,0.05317011382430792
119,1.1506864089285893,1.6395381119699126,1,0.512737498103806,0.35150200347347665,0.6371560920875686,0.5484731197357178,0.8842669129371643,0.9428117871284485,0.45455398205502345,0.0075638629496097565,0.05279542785137892
120,1.1506864089285893,1.6395381119699126,1,0.512737498103806,0.35150200347347665,0.6371560920875686,0.5484731197357178,0.8842669129371643,0.9428117871284485,0.45455398205502345,0.007532612420618534,0.053582959808409214
121,1.1506864089285893,1.6395381119699126,1,0.512737498103806,0.35150200347347665,0.6371560920875686,0.5484731197357178,0.8842669129371643,0.9428117871284485,0.45455398205502345,0.007530683651566505,0.05259643029421568
122,1.1506864089285893,1.6395381119699126,1,0.512737498103806,0.35150200347347665,0.6371560920875686,0.5484731197357178,0.8842669129371643,0.9428117871284485,0.45455398205502345,0.007424692623317242,0.05243603140115738
123,1.1506864089285893,1.6395381119699126,1,0.512737498103806,0.35150200347347665,0.6371560920875686,0.5484731197357178,0.8842669129371643,0.9428117871284485,0.45455398205502345,0.007464732974767685,0.05294198635965586
124,1.1506864089285893,1.6395381119699126,1,0.512737498103806,0.35150200347347665,0.6371560920875686,0.5484731197357178,0.8842669129371643,0.9428117871284485,0.45455398205502345,0.007462303154170513,0.05290262587368488
125,1.1506864089285893,1.6395381119699126,1,0.512737498103806,0.35150200347347665,0.6371560920875686,0.5484731197357178,0.8842669129371643,0.9428117871284485,0.45455398205502345,0.007398953661322594,0.05240790173411369
126,1.1506864089285893,1.6395381119699126,1,0.512737498103806,0.35150200347347665,0.6371560920875686,0.5484731197357178,0.8842669129371643,0.9428117871284485,0.45455398205502345,0.0077933697029948235,0.05317259393632412
127,1.1506864089285893,1.6395381119699126,1,0.512737498103806,0.35150200347347665,0.6371560920875686,0.5484731197357178,0.8842669129371643,0.9428117871284485,0.45455398205502345,0.007526571862399578,0.0527563476935029
128,1.1506864089285893,1.6395381119699126,1,0.512737498103806,0.35150200347347665,0.6371560920875686,0.5484731197357178,0.8842669129371643,0.9428117871284485,0.45455398205502345,0.00752154178917408,0.05345508083701134
129,1.1506864089285893,1.6395381119699126,1,0.512737498103806,0.35150200347347665,0.6371560920875686,0.5484731197357178,0.8842669129371643,0.9428117871284485,0.45455398205502345,0.007555881515145302,0.052696908824145794
130,1.1506864089285893,1.6395381119699126,1,0.512737498103806,0.35150200347347665,0.6371560920875686,0.5484731197357178,0.8842669129371643,0.9428117871284485,0.45455398205502345,0.007488032802939415,0.05249189119786024
131,1.1506864089285893,1.6395381119699126,1,0.512737498103806,0.35150200347347665,0.6371560920875686,0.5484731197357178,0.8842669129371643,0.9428117871284485,0.45455398205502345,0.0074039241299033165,0.05259802006185055
132,1.1506864089285893,1.6395381119699126,1,0.512737498103806,0.35150200347347665,0.6371560920875686,0.5484731197357178,0.8842669129371643,0.9428117871284485,0.45455398205502345,0.007669680751860142,0.0534118814393878
133,1.1506864089285893,1.6395381119699126,1,0.512737498103806,0.35150200347347665,0.6371560920875686,0.5484731197357178,0.8842669129371643,0.9428117871284485,0.45455398205502345,0.007406444288790226,0.052921416237950325
134,1.1506864089285893,1.6395381119699126,1,0.512737498103806,0.35150200347347665,0.6371560920875686,0.5484731197357178,0.8842669129371643,0.9428117871284485,0.45455398205502345,0.007999477908015251,0.05299817677587271
135,1.1506864089285893,1.6395381119699126,1,0.512737498103806,0.35150200347347665,0.6371560920875686,0.5484731197357178,0.8842669129371643,0.9428117871284485,0.45455398205502345,0.00745757482945919,0.052569991908967495
136,1.1506864089285893,1.6395381119699126,1,0.512737498103806,0.35150200347347665,0.6371560920875686,0.5484731197357178,0.8842669129371643,0.9428117871284485,0.45455398205502345,0.008019058033823967,0.053795868530869484
137,1.1506864089285893,1.6395381119699126,1,0.512737498103806,0.35150200347347665,0.6371560920875686,0.5484731197357178,0.8842669129371643,0.9428117871284485,0.45455398205502345,0.00756636168807745,0.05521016288548708
138,1.1506864089285893,1.6395381119699126,1,0.512737498103806,0.35150200347347665,0.6371560920875686,0.5484731197357178,0.8842669129371643,0.9428117871284485,0.45455398205502345,0.0076415324583649635,0.052752058021724224
139,1.1506864089285893,1.6395381119699126,1,0.512737498103806,0.35150200347347665,0.6371560920875686,0.5484731197357178,0.8842669129371643,0.9428117871284485,0.45455398205502345,0.007340933196246624,0.05251059960573912
140,1.1506864089285893,1.6395381119699126,1,0.512737498103806,0.35150200347347665,0.6371560920875686,0.5484731197357178,0.8842669129371643,0.9428117871284485,0.45455398205502345,0.007571942172944546,0.05287843756377697
141,1.1506864089285893,1.6395381119699126,1,0.512737498103806,0.35150200347347665,0.6371560920875686,0.5484731197357178,0.8842669129371643,0.9428117871284485,0.45455398205502345,0.007694961503148079,0.05370134860277176
142,1.1506864089285893,1.6395381119699126,1,0.512737498103806,0.35150200347347665,0.6371560920875686,0.5484731197357178,0.8842669129371643,0.9428117871284485,0.45455398205502345,0.0076522910967469215,0.05322399269789457
143,1.1506864089285893,1.6395381119699126,1,0.512737498103806,0.35150200347347665,0.6371560920875686,0.5484731197357178,0.8842669129371643,0.9428117871284485,0.45455398205502345,0.007673611864447594,0.05353665165603161
144,1.1506864089285893,1.6395381119699126,1,0.512737498103806,0.35150200347347665,0.6371560920875686,0.5484731197357178,0.8842669129371643,0.9428117871284485,0.45455398205502345,0.00776899978518486,0.05313732381910086
145,1.1506864089285893,1.6395381119699126,1,0.512737498103806,0.35150200347347665,0.6371560920875686,0.5484731197357178,0.8842669129371643,0.9428117871284485,0.45455398205502345,0.007497693412005901,0.052902037277817726
146,1.1506864089285893,1.6395381119699126,1,0.512737498103806,0.35150200347347665,0.6371560920875686,0.5484731197357178,0.8842669129371643,0.9428117871284485,0.45455398205502345,0.007537763565778732,0.05315678473562002
147,1.1506864089285893,1.6395381119699126,1,0.512737498103806,0.35150200347347665,0.6371560920875686,0.5484731197357178,0.8842669129371643,0.9428117871284485,0.45455398205502345,0.007595142349600792,0.05307394452393055
148,1.1506864089285893,1.6395381119699126,1,0.512737498103806,0.35150200347347665,0.6371560920875686,0.5484731197357178,0.8842669129371643,0.9428117871284485,0.45455398205502345,0.007359453476965427,0.05236013140529394
149,1.1506864089285893,1.6395381119699126,1,0.512737498103806,0.35150200347347665,0.6371560920875686,0.5484731197357178,0.8842669129371643,0.9428117871284485,0.45455398205502345,0.007604362443089485,0.053000436164438725
150,1.1506864089285893,1.6395381119699126,1,0.512737498103806,0.35150200347347665,0.6371560920875686,0.5484731197357178,0.8842669129371643,0.9428117871284485,0.45455398205502345,0.007698160596191883,0.05315736401826143
151,1.1506864089285893,1.6395381119699126,1,0.512737498103806,0.35150200347347665,0.6371560920875686,0.5484731197357178,0.8842669129371643,0.9428117871284485,0.45455398205502345,0.007518223486840725,0.05332349333912134
152,1.1506864089285893,1.6395381119699126,1,0.512737498103806,0.35150200347347665,0.6371560920875686,0.5484731197357178,0.8842669129371643,0.9428117871284485,0.45455398205502345,0.007595831528306007,0.05288391653448343
153,1.1506864089285893,1.6395381119699126,1,0.512737498103806,0.35150200347347665,0.6371560920875686,0.5484731197357178,0.8842669129371643,0.9428117871284485,0.45455398205502345,0.00746393296867609,0.0524446414783597
154,1.1506864089285893,1.6395381119699126,1,0.512737498103806,0.35150200347347665,0.6371560920875686,0.5484731197357178,0.8842669129371643,0.9428117871284485,0.45455398205502345,0.0074792830273509026,0.052820077165961266
155,1.1506864089285893,1.6395381119699126,1,0.512737498103806,0.35150200347347665,0.6371560920875686,0.5484731197357178,0.8842669129371643,0.9428117871284485,0.45455398205502345,0.007512173615396023,0.05316104460507631
156,1.1506864089285893,1.6395381119699126,1,0.512737498103806,0.35150200347347665,0.6371560920875686,0.5484731197357178,0.8842669129371643,0.9428117871284485,0.45455398205502345,0.0073503050953149796,0.05258435010910034
157,1.1506864089285893,1.6395381119699126,1,0.512737498103806,0.35150200347347665,0.6371560920875686,0.5484731197357178,0.8842669129371643,0.9428117871284485,0.45455398205502345,0.007547631859779358,0.053116243332624435
158,1.1506864089285893,1.6395381119699126,1,0.512737498103806,0.35150200347347665,0.6371560920875686,0.5484731197357178,0.8842669129371643,0.9428117871284485,0.45455398205502345,0.007477332837879658,0.05269823782145977
159,1.1506864089285893,1.6395381119699126,1,0.512737498103806,0.35150200347347665,0.6371560920875686,0.5484731197357178,0.8842669129371643,0.9428117871284485,0.45455398205502345,0.007493622601032257,0.05374267790466547
160,1.1506864089285893,1.6395381119699126,1,0.512737498103806,0.35150200347347665,0.6371560920875686,0.5484731197357178,0.8842669129371643,0.9428117871284485,0.45455398205502345,0.0075989821925759315,0.05275748763233423
161,1.1506864089285893,1.6395381119699126,1,0.512737498103806,0.35150200347347665,0.6371560920875686,0.5484731197357178,0.8842669129371643,0.9428117871284485,0.45455398205502345,0.007730061188340187,0.052626539953053
162,1.1506864089285893,1.6395381119699126,1,0.512737498103806,0.35150200347347665,0.6371560920875686,0.5484731197357178,0.8842669129371643,0.9428117871284485,0.45455398205502345,0.007449342869222164,0.052669309079647064
163,1.1506864089285893,1.6395381119699126,1,0.512737498103806,0.35150200347347665,0.6371560920875686,0.5484731197357178,0.8842669129371643,0.9428117871284485,0.45455398205502345,0.007459132932126522,0.05284541752189398
164,1.1506864089285893,1.6395381119699126,1,0.512737498103806,0.35150200347347665,0.6371560920875686,0.5484731197357178,0.8842669129371643,0.9428117871284485,0.45455398205502345,0.007501023821532726,0.05318835470825434
165,1.1506864089285893,1.6395381119699126,1,0.512737498103806,0.35150200347347665,0.6371560920875686,0.5484731197357178,0.8842669129371643,0.9428117871284485,0.45455398205502345,0.007959158159792423,0.05298682488501072
166,1.1506864089285893,1.6395381119699126,1,0.512737498103806,0.35150200347347665,0.6371560920875686,0.5484731197357178,0.8842669129371643,0.9428117871284485,0.45455398205502345,0.007479292340576649,0.0527438772842288
167,1.1506864089285893,1.6395381119699126,1,0.512737498103806,0.35150200347347665,0.6371560920875686,0.5484731197357178,0.8842669129371643,0.9428117871284485,0.45455398205502345,0.008031228557229042,0.054047735407948494
168,1.1506864089285893,1.6395381119699126,1,0.512737498103806,0.35150200347347665,0.6371560920875686,0.5484731197357178,0.8842669129371643,0.9428117871284485,0.45455398205502345,0.007863919250667095,0.05356154963374138
169,1.1506864089285893,1.6395381119699126,1,0.512737498103806,0.35150200347347665,0.6371560920875686,0.5484731197357178,0.8842669129371643,0.9428117871284485,0.45455398205502345,0.007640820927917957,0.05295293591916561
170,1.1506864089285893,1.6395381119699126,1,0.512737498103806,0.35150200347347665,0.6371560920875686,0.5484731197357178,0.8842669129371643,0.9428117871284485,0.45455398205502345,0.00751236267387867,0.05253400094807148
171,1.1506864089285893,1.6395381119699126,1,0.512737498103806,0.35150200347347665,0.6371560920875686,0.5484731197357178,0.8842669129371643,0.9428117871284485,0.45455398205502345,0.007382943294942379,0.05256986990571022
172,1.1506864089285893,1.6395381119699126,1,0.512737498103806,0.35150200347347665,0.6371560920875686,0.5484731197357178,0.8842669129371643,0.9428117871284485,0.45455398205502345,0.007913908921182156,0.05396990571171045
173,1.1506864089285893,1.6395381119699126,1,0.512737498103806,0.35150200347347665,0.6371560920875686,0.5484731197357178,0.8842669129371643,0.9428117871284485,0.45455398205502345,0.007680661045014858,0.053198494017124176
174,1.1506864089285893,1.6395381119699126,1,0.512737498103806,0.35150200347347665,0.6371560920875686,0.5484731197357178,0.8842669129371643,0.9428117871284485,0.45455398205502345,0.007348954677581787,0.052924877032637596
175,1.1506864089285893,1.6395381119699126,1,0.512737498103806,0.35150200347347665,0.6371560920875686,0.5484731197357178,0.8842669129371643,0.9428117871284485,0.45455398205502345,0.007942978292703629,0.05332661233842373
176,1.1506864089285893,1.6395381119699126,1,0.512737498103806,0.35150200347347665,0.6371560920875686,0.5484731197357178,0.8842669129371643,0.9428117871284485,0.45455398205502345,0.007620690390467644,0.05288371630012989
177,1.1506864089285893,1.6395381119699126,1,0.512737498103806,0.35150200347347665,0.6371560920875686,0.5484731197357178,0.8842669129371643,0.9428117871284485,0.45455398205502345,0.007572001777589321,0.05310958530753851
178,1.1506864089285893,1.6395381119699126,1,0.512737498103806,0.35150200347347665,0.6371560920875686,0.5484731197357178,0.8842669129371643,0.9428117871284485,0.45455398205502345,0.007451512850821018,0.0544033907353878
179,1.1506864089285893,1.6395381119699126,1,0.512737498103806,0.35150200347347665,0.6371560920875686,0.5484731197357178,0.8842669129371643,0.9428117871284485,0.45455398205502345,0.007995227351784706,0.05324206314980984
180,1.1506864089285893,1.6395381119699126,1,0.512737498103806,0.35150200347347665,0.6371560920875686,0.5484731197357178,0.8842669129371643,0.9428117871284485,0.45455398205502345,0.007585781626403332,0.05275874771177769
181,1.1506864089285893,1.6395381119699126,1,0.512737498103806,0.35150200347347665,0.6371560920875686,0.5484731197357178,0.8842669129371643,0.9428117871284485,0.45455398205502345,0.007541843689978123,0.05279439873993397
182,1.1506864089285893,1.6395381119699126,1,0.512737498103806,0.35150200347347665,0.6371560920875686,0.5484731197357178,0.8842669129371643,0.9428117871284485,0.45455398205502345,0.007508913055062294,0.053287102840840816
183,1.1506864089285893,1.6395381119699126,1,0.512737498103806,0.35150200347347665,0.6371560920875686,0.5484731197357178,0.8842669129371643,0.9428117871284485,0.45455398205502345,0.007707880809903145,0.053353702649474144
184,1.1506864089285893,1.6395381119699126,1,0.512737498103806,0.35150200347347665,0.6371560920875686,0.5484731197357178,0.8842669129371643,0.9428117871284485,0.45455398205502345,0.007433912716805935,0.05294559616595507
185,1.1506864089285893,1.6395381119699126,1,0.512737498103806,0.35150200347347665,0.6371560920875686,0.5484731197357178,0.8842669129371643,0.9428117871284485,0.45455398205502345,0.007927168160676956,0.05308001488447189
186,1.1506864089285893,1.6395381119699126,1,0.512737498103806,0.35150200347347665,0.6371560920875686,0.5484731197357178,0.8842669129371643,0.9428117871284485,0.45455398205502345,0.007545751519501209,0.05276192817837
187,1.1506864089285893,1.6395381119699126,1,0.512737498103806,0.35150200347347665,0.6371560920875686,0.5484731197357178,0.8842669129371643,0.9428117871284485,0.45455398205502345,0.007564832456409931,0.05347650125622749
188,1.1506864089285893,1.6395381119699126,1,0.512737498103806,0.35150200347347665,0.6371560920875686,0.5484731197357178,0.8842669129371643,0.9428117871284485,0.45455398205502345,0.007649591192603111,0.05332825239747763
189,1.1506864089285893,1.6395381119699126,1,0.512737498103806,0.35150200347347665,0.6371560920875686,0.5484731197357178,0.8842669129371643,0.9428117871284485,0.45455398205502345,0.007385763339698315,0.052282572723925114
190,1.1506864089285893,1.6395381119699126,1,0.512737498103806,0.35150200347347665,0.6371560920875686,0.5484731197357178,0.8842669129371643,0.9428117871284485,0.45455398205502345,0.007490812800824642,0.05316349398344755
191,1.1506864089285893,1.6395381119699126,1,0.512737498103806,0.35150200347347665,0.6371560920875686,0.5484731197357178,0.8842669129371643,0.9428117871284485,0.45455398205502345,0.00801569689065218,0.05357133876532316
192,1.1506864089285893,1.6395381119699126,1,0.512737498103806,0.35150200347347665,0.6371560920875686,0.5484731197357178,0.8842669129371643,0.9428117871284485,0.45455398205502345,0.007432613521814346,0.053108434192836285
193,1.1506864089285893,1.6395381119699126,1,0.512737498103806,0.35150200347347665,0.6371560920875686,0.5484731197357178,0.8842669129371643,0.9428117871284485,0.45455398205502345,0.007326815277338028,0.05247782077640295
194,1.1506864089285893,1.6395381119699126,1,0.512737498103806,0.35150200347347665,0.6371560920875686,0.5484731197357178,0.8842669129371643,0.9428117871284485,0.45455398205502345,0.007360243238508701,0.05261882860213518
195,1.1506864089285893,1.6395381119699126,1,0.512737498103806,0.35150200347347665,0.6371560920875686,0.5484731197357178,0.8842669129371643,0.9428117871284485,0.45455398205502345,0.007598621770739555,0.05306987464427948
196,1.1506864089285893,1.6395381119699126,1,0.512737498103806,0.35150200347347665,0.6371560920875686,0.5484731197357178,0.8842669129371643,0.9428117871284485,0.45455398205502345,0.008145936764776707,0.05390619672834873
197,1.1506864089285893,1.6395381119699126,1,0.512737498103806,0.35150200347347665,0.6371560920875686,0.5484731197357178,0.8842669129371643,0.9428117871284485,0.45455398205502345,0.007426584139466286,0.052802097983658314
198,1.1506864089285893,1.6395381119699126,1,0.512737498103806,0.35150200347347665,0.6371560920875686,0.5484731197357178,0.8842669129371643,0.9428117871284485,0.45455398205502345,0.007986687123775482,0.05321337375789881
199,1.1506864089285893,1.6395381119699126,1,0.512737498103806,0.35150200347347665,0.6371560920875686,0.5484731197357178,0.8842669129371643,0.9428117871284485,0.45455398205502345,0.007740911096334457,0.052864937111735344
200,1.1506864089285893,1.6395381119699126,1,0.512737498103806,0.35150200347347665,0.6371560920875686,0.5484731197357178,0.8842669129371643,0.9428117871284485,0.45455398205502345,0.007541912607848644,0.05316735338419676
201,1.1506864089285893,1.6395381119699126,1,0.512737498103806,0.35150200347347665,0.6371560920875686,0.5484731197357178,0.8842669129371643,0.9428117871284485,0.45455398205502345,0.0075240833684802055,0.053101345896720886
202,1.1506864089285893,1.6395381119699126,1,0.512737498103806,0.35150200347347665,0.6371560920875686,0.5484731197357178,0.8842669129371643,0.9428117871284485,0.45455398205502345,0.007314255461096764,0.052529310807585716
203,1.1506864089285893,1.6395381119699126,1,0.512737498103806,0.35150200347347665,0.6371560920875686,0.5484731197357178,0.8842669129371643,0.9428117871284485,0.45455398205502345,0.007573172450065613,0.05297716613858938
204,1.1506864089285893,1.6395381119699126,1,0.512737498103806,0.35150200347347665,0.6371560920875686,0.5484731197357178,0.8842669129371643,0.9428117871284485,0.45455398205502345,0.007577922195196152,0.05275745876133442
205,1.1506864089285893,1.6395381119699126,1,0.512737498103806,0.35150200347347665,0.6371560920875686,0.5484731197357178,0.8842669129371643,0.9428117871284485,0.45455398205502345,0.007583171129226685,0.05354284029453993
206,1.1506864089285893,1.6395381119699126,1,0.512737498103806,0.35150200347347665,0.6371560920875686,0.5484731197357178,0.8842669129371643,0.9428117871284485,0.45455398205502345,0.008329073898494244,0.05387926660478115
207,1.1506864089285893,1.6395381119699126,1,0.512737498103806,0.35150200347347665,0.6371560920875686,0.5484731197357178,0.8842669129371643,0.9428117871284485,0.45455398205502345,0.007463623769581318,0.05268449895083904
208,1.1506864089285893,1.6395381119699126,1,0.512737498103806,0.35150200347347665,0.6371560920875686,0.5484731197357178,0.8842669129371643,0.9428117871284485,0.45455398205502345,0.007514593191444874,0.05265673063695431
209,1.1506864089285893,1.6395381119699126,1,0.512737498103806,0.35150200347347665,0.6371560920875686,0.5484731197357178,0.8842669129371643,0.9428117871284485,0.45455398205502345,0.007420063950121403,0.052626959048211575
210,1.1506864089285893,1.6395381119699126,1,0.512737498103806,0.35150200347347665,0.6371560920875686,0.5484731197357178,0.8842669129371643,0.9428117871284485,0.45455398205502345,0.007508472539484501,0.0593203604221344
211,1.1506864089285893,1.6395381119699126,1,0.512737498103806,0.35150200347347665,0.6371560920875686,0.5484731197357178,0.8842669129371643,0.9428117871284485,0.45455398205502345,0.007630872540175915,0.05294702760875225
212,1.1506864089285893,1.6395381119699126,1,0.512737498103806,0.35150200347347665,0.6371560920875686,0.5484731197357178,0.8842669129371643,0.9428117871284485,0.45455398205502345,0.007623041048645973,0.05303564481437206
213,1.1506864089285893,1.6395381119699126,1,0.512737498103806,0.35150200347347665,0.6371560920875686,0.5484731197357178,0.8842669129371643,0.9428117871284485,0.45455398205502345,0.007354823872447014,0.05277339834719896
214,1.1506864089285893,1.6395381119699126,1,0.512737498103806,0.35150200347347665,0.6371560920875686,0.5484731197357178,0.8842669129371643,0.9428117871284485,0.45455398205502345,0.008001478388905525,0.05323731433600187
215,1.1506864089285893,1.6395381119699126,1,0.512737498103806,0.35150200347347665,0.6371560920875686,0.5484731197357178,0.8842669129371643,0.9428117871284485,0.45455398205502345,0.0078048100695014,0.053600029088556767
216,1.1506864089285893,1.6395381119699126,1,0.512737498103806,0.35150200347347665,0.6371560920875686,0.5484731197357178,0.8842669129371643,0.9428117871284485,0.45455398205502345,0.007551923394203186,0.05297000613063574
217,1.1506864089285893,1.6395381119699126,1,0.512737498103806,0.35150200347347665,0.6371560920875686,0.5484731197357178,0.8842669129371643,0.9428117871284485,0.45455398205502345,0.008132226765155792,0.053365311585366726
218,1.1506864089285893,1.6395381119699126,1,0.512737498103806,0.35150200347347665,0.6371560920875686,0.5484731197357178,0.8842669129371643,0.9428117871284485,0.45455398205502345,0.007574372924864292,0.05273355916142464
219,1.1506864089285893,1.6395381119699126,1,0.512737498103806,0.35150200347347665,0.6371560920875686,0.5484731197357178,0.8842669129371643,0.9428117871284485,0.45455398205502345,0.007723020389676094,0.053614579141139984
220,1.1506864089285893,1.6395381119699126,1,0.512737498103806,0.35150200347347665,0.6371560920875686,0.5484731197357178,0.8842669129371643,0.9428117871284485,0.45455398205502345,0.00755587313324213,0.05289317760616541
221,1.1506864089285893,1.6395381119699126,1,0.512737498103806,0.35150200347347665,0.6371560920875686,0.5484731197357178,0.8842669129371643,0.9428117871284485,0.45455398205502345,0.007546543143689632,0.05333404242992401
222,1.1506864089285893,1.6395381119699126,1,0.512737498103806,0.35150200347347665,0.6371560920875686,0.5484731197357178,0.8842669129371643,0.9428117871284485,0.45455398205502345,0.007448733784258366,0.052539801225066185
223,1.1506864089285893,1.6395381119699126,1,0.512737498103806,0.35150200347347665,0.6371560920875686,0.5484731197357178,0.8842669129371643,0.9428117871284485,0.45455398205502345,0.007684260606765747,0.0529413353651762
224,1.1506864089285893,1.6395381119699126,1,0.512737498103806,0.35150200347347665,0.6371560920875686,0.5484731197357178,0.8842669129371643,0.9428117871284485,0.45455398205502345,0.007463803514838219,0.052904706448316574
225,1.1506864089285893,1.6395381119699126,1,0.512737498103806,0.35150200347347665,0.6371560920875686,0.5484731197357178,0.8842669129371643,0.9428117871284485,0.45455398205502345,0.007442424073815346,0.05288573633879423
226,1.1506864089285893,1.6395381119699126,1,0.512737498103806,0.35150200347347665,0.6371560920875686,0.5484731197357178,0.8842669129371643,0.9428117871284485,0.45455398205502345,0.00731650460511446,0.05312282405793667
227,1.1506864089285893,1.6395381119699126,1,0.512737498103806,0.35150200347347665,0.6371560920875686,0.5484731197357178,0.8842669129371643,0.9428117871284485,0.45455398205502345,0.0076398225501179695,0.05276609864085913
228,1.1506864089285893,1.6395381119699126,1,0.512737498103806,0.35150200347347665,0.6371560920875686,0.5484731197357178,0.8842669129371643,0.9428117871284485,0.45455398205502345,0.0076588718220591545,0.05241590179502964
229,1.1506864089285893,1.6395381119699126,1,0.512737498103806,0.35150200347347665,0.6371560920875686,0.5484731197357178,0.8842669129371643,0.9428117871284485,0.45455398205502345,0.007614972069859505,0.05335529241710901
230,1.1506864089285893,1.6395381119699126,1,0.512737498103806,0.35150200347347665,0.6371560920875686,0.5484731197357178,0.8842669129371643,0.9428117871284485,0.45455398205502345,0.007456802763044834,0.052823917008936405
231,1.1506864089285893,1.6395381119699126,1,0.512737498103806,0.35150200347347665,0.6371560920875686,0.5484731197357178,0.8842669129371643,0.9428117871284485,0.45455398205502345,0.00732643436640501,0.05237708147615194
232,1.1506864089285893,1.6395381119699126,1,0.512737498103806,0.35150200347347665,0.6371560920875686,0.5484731197357178,0.8842669129371643,0.9428117871284485,0.45455398205502345,0.007593432441353798,0.05293586663901806
233,1.1506864089285893,1.6395381119699126,1,0.512737498103806,0.35150200347347665,0.6371560920875686,0.5484731197357178,0.8842669129371643,0.9428117871284485,0.45455398205502345,0.007730529643595219,0.05364627856761217
234,1.1506864089285893,1.6395381119699126,1,0.512737498103806,0.35150200347347665,0.6371560920875686,0.5484731197357178,0.8842669129371643,0.9428117871284485,0.45455398205502345,0.00761807058006525,0.053079125471413136
235,1.1506864089285893,1.6395381119699126,1,0.512737498103806,0.35150200347347665,0.6371560920875686,0.5484731197357178,0.8842669129371643,0.9428117871284485,0.45455398205502345,0.007299815304577351,0.05253793951123953
236,1.1506864089285893,1.6395381119699126,1,0.512737498103806,0.35150200347347665,0.6371560920875686,0.5484731197357178,0.8842669129371643,0.9428117871284485,0.45455398205502345,0.007631910964846611,0.05282108671963215
237,1.1506864089285893,1.6395381119699126,1,0.512737498103806,0.35150200347347665,0.6371560920875686,0.5484731197357178,0.8842669129371643,0.9428117871284485,0.45455398205502345,0.0074966829270124435,0.05290439631789923
238,1.1506864089285893,1.6395381119699126,1,0.512737498103806,0.35150200347347665,0.6371560920875686,0.5484731197357178,0.8842669129371643,0.9428117871284485,0.45455398205502345,0.007566191256046295,0.05313148349523544
239,1.1506864089285893,1.6395381119699126,1,0.512737498103806,0.35150200347347665,0.6371560920875686,0.5484731197357178,0.8842669129371643,0.9428117871284485,0.45455398205502345,0.007313033565878868,0.052477250806987286
240,1.1506864089285893,1.6395381119699126,1,0.512737498103806,0.35150200347347665,0.6371560920875686,0.5484731197357178,0.8842669129371643,0.9428117871284485,0.45455398205502345,0.007424624636769295,0.05264169070869684
241,1.1506864089285893,1.6395381119699126,1,0.512737498103806,0.35150200347347665,0.6371560920875686,0.5484731197357178,0.8842669129371643,0.9428117871284485,0.45455398205502345,0.007539032027125359,0.053012304939329624
242,1.1506864089285893,1.6395381119699126,1,0.512737498103806,0.35150200347347665,0.6371560920875686,0.5484731197357178,0.8842669129371643,0.9428117871284485,0.45455398205502345,0.007609850727021694,0.05326702259480953
243,1.1506864089285893,1.6395381119699126,1,0.512737498103806,0.35150200347347665,0.6371560920875686,0.5484731197357178,0.8842669129371643,0.9428117871284485,0.45455398205502345,0.007440922781825066,0.053088284097611904
244,1.1506864089285893,1.6395381119699126,1,0.512737498103806,0.35150200347347665,0.6371560920875686,0.5484731197357178,0.8842669129371643,0.9428117871284485,0.45455398205502345,0.007698850706219673,0.053062835708260536
245,1.1506864089285893,1.6395381119699126,1,0.512737498103806,0.35150200347347665,0.6371560920875686,0.5484731197357178,0.8842669129371643,0.9428117871284485,0.45455398205502345,0.00749836303293705,0.05284901708364487
246,1.1506864089285893,1.6395381119699126,1,0.512737498103806,0.35150200347347665,0.6371560920875686,0.5484731197357178,0.8842669129371643,0.9428117871284485,0.45455398205502345,0.007475254125893116,0.05292591731995344
247,1.1506864089285893,1.6395381119699126,1,0.512737498103806,0.35150200347347665,0.6371560920875686,0.5484731197357178,0.8842669129371643,0.9428117871284485,0.45455398205502345,0.007522452622652054,0.05301389563828707
248,1.1506864089285893,1.6395381119699126,1,0.512737498103806,0.35150200347347665,0.6371560920875686,0.5484731197357178,0.8842669129371643,0.9428117871284485,0.45455398205502345,0.008697261102497578,0.054154944606125355
249,1.1506864089285893,1.6395381119699126,1,0.512737498103806,0.35150200347347665,0.6371560920875686,0.5484731197357178,0.8842669129371643,0.9428117871284485,0.45455398205502345,0.007944868877530098,0.05341518111526966
250,1.1506864089285893,1.6395381119699126,1,0.512737498103806,0.35150200347347665,0.6371560920875686,0.5484731197357178,0.8842669129371643,0.9428117871284485,0.45455398205502345,0.007543701678514481,0.05274309776723385
251,1.1506864089285893,1.6395381119699126,1,0.512737498103806,0.35150200347347665,0.6371560920875686,0.5484731197357178,0.8842669129371643,0.9428117871284485,0.45455398205502345,0.007852468639612198,0.05398428440093994
252,1.1506864089285893,1.6395381119699126,1,0.512737498103806,0.35150200347347665,0.6371560920875686,0.5484731197357178,0.8842669129371643,0.9428117871284485,0.45455398205502345,0.007770680822432041,0.0532669834792614
253,1.1506864089285893,1.6395381119699126,1,0.512737498103806,0.35150200347347665,0.6371560920875686,0.5484731197357178,0.8842669129371643,0.9428117871284485,0.45455398205502345,0.0074118440970778465,0.052737778052687645
254,1.1506864089285893,1.6395381119699126,1,0.512737498103806,0.35150200347347665,0.6371560920875686,0.5484731197357178,0.8842669129371643,0.9428117871284485,0.45455398205502345,0.007581502199172974,0.05296332575380802
255,1.1506864089285893,1.6395381119699126,1,0.512737498103806,0.35150200347347665,0.6371560920875686,0.5484731197357178,0.8842669129371643,0.9428117871284485,0.45455398205502345,0.007429132238030434,0.056691146455705166
256,1.1506864089285893,1.6395381119699126,1,0.512737498103806,0.35150200347347665,0.6371560920875686,0.5484731197357178,0.8842669129371643,0.9428117871284485,0.45455398205502345,0.007657371461391449,0.05371410772204399
257,1.1506864089285893,1.6395381119699126,1,0.512737498103806,0.35150200347347665,0.6371560920875686,0.5484731197357178,0.8842669129371643,0.9428117871284485,0.45455398205502345,0.007726580835878849,0.053373792208731174
258,1.1506864089285893,1.6395381119699126,1,0.512737498103806,0.35150200347347665,0.6371560920875686,0.5484731197357178,0.8842669129371643,0.9428117871284485,0.45455398205502345,0.007482003420591354,0.05382573697715998
259,1.1506864089285893,1.6395381119699126,1,0.512737498103806,0.35150200347347665,0.6371560920875686,0.5484731197357178,0.8842669129371643,0.9428117871284485,0.45455398205502345,0.00771029107272625,0.053032404743134975
260,1.1506864089285893,1.6395381119699126,1,0.512737498103806,0.35150200347347665,0.6371560920875686,0.5484731197357178,0.8842669129371643,0.9428117871284485,0.45455398205502345,0.0074518537148833275,0.05253349058330059
261,1.1506864089285893,1.6395381119699126,1,0.512737498103806,0.35150200347347665,0.6371560920875686,0.5484731197357178,0.8842669129371643,0.9428117871284485,0.45455398205502345,0.007580832578241825,0.0527560580521822
262,1.1506864089285893,1.6395381119699126,1,0.512737498103806,0.35150200347347665,0.6371560920875686,0.5484731197357178,0.8842669129371643,0.9428117871284485,0.45455398205502345,0.00744246318936348,0.05312756448984146
263,1.1506864089285893,1.6395381119699126,1,0.512737498103806,0.35150200347347665,0.6371560920875686,0.5484731197357178,0.8842669129371643,0.9428117871284485,0.45455398205502345,0.007393604144454002,0.05294749699532986
264,1.1506864089285893,1.6395381119699126,1,0.512737498103806,0.35150200347347665,0.6371560920875686,0.5484731197357178,0.8842669129371643,0.9428117871284485,0.45455398205502345,0.007509843446314335,0.052894617430865765
265,1.1506864089285893,1.6395381119699126,1,0.512737498103806,0.35150200347347665,0.6371560920875686,0.5484731197357178,0.8842669129371643,0.9428117871284485,0.45455398205502345,0.007506413385272026,0.05259636975824833
266,1.1506864089285893,1.6395381119699126,1,0.512737498103806,0.35150200347347665,0.6371560920875686,0.5484731197357178,0.8842669129371643,0.9428117871284485,0.45455398205502345,0.007529363036155701,0.0537069384008646
267,1.1506864089285893,1.6395381119699126,1,0.512737498103806,0.35150200347347665,0.6371560920875686,0.5484731197357178,0.8842669129371643,0.9428117871284485,0.45455398205502345,0.007799249142408371,0.05340465158224106
268,1.1506864089285893,1.6395381119699126,1,0.512737498103806,0.35150200347347665,0.6371560920875686,0.5484731197357178,0.8842669129371643,0.9428117871284485,0.45455398205502345,0.007470574229955673,0.0527622876688838
269,1.1506864089285893,1.6395381119699126,1,0.512737498103806,0.35150200347347665,0.6371560920875686,0.5484731197357178,0.8842669129371643,0.9428117871284485,0.45455398205502345,0.0074163638055324554,0.05242637172341347
270,1.1506864089285893,1.6395381119699126,1,0.512737498103806,0.35150200347347665,0.6371560920875686,0.5484731197357178,0.8842669129371643,0.9428117871284485,0.45455398205502345,0.007377024739980698,0.052570841275155544
271,1.1506864089285893,1.6395381119699126,1,0.512737498103806,0.35150200347347665,0.6371560920875686,0.5484731197357178,0.8842669129371643,0.9428117871284485,0.45455398205502345,0.007461464032530785,0.052987576462328434
272,1.1506864089285893,1.6395381119699126,1,0.512737498103806,0.35150200347347665,0.6371560920875686,0.5484731197357178,0.8842669129371643,0.9428117871284485,0.45455398205502345,0.007526133209466934,0.05319295357912779
273,1.1506864089285893,1.6395381119699126,1,0.512737498103806,0.35150200347347665,0.6371560920875686,0.5484731197357178,0.8842669129371643,0.9428117871284485,0.45455398205502345,0.007508262991905212,0.05252382066100836
274,1.1506864089285893,1.6395381119699126,1,0.512737498103806,0.35150200347347665,0.6371560920875686,0.5484731197357178,0.8842669129371643,0.9428117871284485,0.45455398205502345,0.007411174476146698,0.05300046596676111
275,1.1506864089285893,1.6395381119699126,1,0.512737498103806,0.35150200347347665,0.6371560920875686,0.5484731197357178,0.8842669129371643,0.9428117871284485,0.45455398205502345,0.007837618701159954,0.053337691351771355
276,1.1506864089285893,1.6395381119699126,1,0.512737498103806,0.35150200347347665,0.6371560920875686,0.5484731197357178,0.8842669129371643,0.9428117871284485,0.45455398205502345,0.007434552535414696,0.05293131526559591
277,1.1506864089285893,1.6395381119699126,1,0.512737498103806,0.35150200347347665,0.6371560920875686,0.5484731197357178,0.8842669129371643,0.9428117871284485,0.45455398205502345,0.007296515628695488,0.05234118364751339
278,1.1506864089285893,1.6395381119699126,1,0.512737498103806,0.35150200347347665,0.6371560920875686,0.5484731197357178,0.8842669129371643,0.9428117871284485,0.45455398205502345,0.00736602395772934,0.05249396152794361
279,1.1506864089285893,1.6395381119699126,1,0.512737498103806,0.35150200347347665,0.6371560920875686,0.5484731197357178,0.8842669129371643,0.9428117871284485,0.45455398205502345,0.007491223514080048,0.053246413357555866
280,1.1506864089285893,1.6395381119699126,1,0.512737498103806,0.35150200347347665,0.6371560920875686,0.5484731197357178,0.8842669129371643,0.9428117871284485,0.45455398205502345,0.008059177547693253,0.05362148955464363
281,1.1506864089285893,1.6395381119699126,1,0.512737498103806,0.35150200347347665,0.6371560920875686,0.5484731197357178,0.8842669129371643,0.9428117871284485,0.45455398205502345,0.00737223494797945,0.052611409686505795
282,1.1506864089285893,1.6395381119699126,1,0.512737498103806,0.35150200347347665,0.6371560920875686,0.5484731197357178,0.8842669129371643,0.9428117871284485,0.45455398205502345,0.00791108887642622,0.05346638150513172
283,1.1506864089285893,1.6395381119699126,1,0.512737498103806,0.35150200347347665,0.6371560920875686,0.5484731197357178,0.8842669129371643,0.9428117871284485,0.45455398205502345,0.007631221786141396,0.05312834493815899
284,1.1506864089285893,1.6395381119699126,1,0.512737498103806,0.35150200347347665,0.6371560920875686,0.5484731197357178,0.8842669129371643,0.9428117871284485,0.45455398205502345,0.00774283055216074,0.05335489194840193
285,1.1506864089285893,1.6395381119699126,1,0.512737498103806,0.35150200347347665,0.6371560920875686,0.5484731197357178,0.8842669129371643,0.9428117871284485,0.45455398205502345,0.007421334274113178,0.052894107066094875
286,1.1506864089285893,1.6395381119699126,1,0.512737498103806,0.35150200347347665,0.6371560920875686,0.5484731197357178,0.8842669129371643,0.9428117871284485,0.45455398205502345,0.007684560492634773,0.05293033551424742
287,1.1506864089285893,1.6395381119699126,1,0.512737498103806,0.35150200347347665,0.6371560920875686,0.5484731197357178,0.8842669129371643,0.9428117871284485,0.45455398205502345,0.007559962570667267,0.053289332427084446
288,1.1506864089285893,1.6395381119699126,1,0.512737498103806,0.35150200347347665,0.6371560920875686,0.5484731197357178,0.8842669129371643,0.9428117871284485,0.45455398205502345,0.007570282556116581,0.05305973533540964
289,1.1506864089285893,1.6395381119699126,1,0.512737498103806,0.35150200347347665,0.6371560920875686,0.5484731197357178,0.8842669129371643,0.9428117871284485,0.45455398205502345,0.007490064017474651,0.0536698792129755
290,1.1506864089285893,1.6395381119699126,1,0.512737498103806,0.35150200347347665,0.6371560920875686,0.5484731197357178,0.8842669129371643,0.9428117871284485,0.45455398205502345,0.008055916987359524,0.05448427051305771
291,1.1506864089285893,1.6395381119699126,1,0.512737498103806,0.35150200347347665,0.6371560920875686,0.5484731197357178,0.8842669129371643,0.9428117871284485,0.45455398205502345,0.00852266326546669,0.053734698332846165
292,1.1506864089285893,1.6395381119699126,1,0.512737498103806,0.35150200347347665,0.6371560920875686,0.5484731197357178,0.8842669129371643,0.9428117871284485,0.45455398205502345,0.0076399510726332664,0.05259228963404894
293,1.1506864089285893,1.6395381119699126,1,0.512737498103806,0.35150200347347665,0.6371560920875686,0.5484731197357178,0.8842669129371643,0.9428117871284485,0.45455398205502345,0.007430294528603554,0.052609220147132874
294,1.1506864089285893,1.6395381119699126,1,0.512737498103806,0.35150200347347665,0.6371560920875686,0.5484731197357178,0.8842669129371643,0.9428117871284485,0.45455398205502345,0.007536032237112522,0.05347966030240059
295,1.1506864089285893,1.6395381119699126,1,0.512737498103806,0.35150200347347665,0.6371560920875686,0.5484731197357178,0.8842669129371643,0.9428117871284485,0.45455398205502345,0.007659731432795525,0.053374371491372585
296,1.1506864089285893,1.6395381119699126,1,0.512737498103806,0.35150200347347665,0.6371560920875686,0.5484731197357178,0.8842669129371643,0.9428117871284485,0.45455398205502345,0.007425252348184586,0.05262912902981043
297,1.1506864089285893,1.6395381119699126,1,0.512737498103806,0.35150200347347665,0.6371560920875686,0.5484731197357178,0.8842669129371643,0.9428117871284485,0.45455398205502345,0.007661220617592335,0.05343099031597376
298,1.1506864089285893,1.6395381119699126,1,0.512737498103806,0.35150200347347665,0.6371560920875686,0.5484731197357178,0.8842669129371643,0.9428117871284485,0.45455398205502345,0.007728639990091324,0.05311528407037258
299,1.1506864089285893,1.6395381119699126,1,0.512737498103806,0.35150200347347665,0.6371560920875686,0.5484731197357178,0.8842669129371643,0.9428117871284485,0.45455398205502345,0.007703310810029507,0.05358450021594763
300,1.1506864089285893,1.6395381119699126,1,0.512737498103806,0.35150200347347665,0.6371560920875686,0.5484731197357178,0.8842669129371643,0.9428117871284485,0.45455398205502345,0.007519141770899296,0.05296465568244457
301,1.1506864089285893,1.6395381119699126,1,0.512737498103806,0.35150200347347665,0.6371560920875686,0.5484731197357178,0.8842669129371643,0.9428117871284485,0.45455398205502345,0.007386753335595131,0.052582480013370514
302,1.1506864089285893,1.6395381119699126,1,0.512737498103806,0.35150200347347665,0.6371560920875686,0.5484731197357178,0.8842669129371643,0.9428117871284485,0.45455398205502345,0.007385964505374432,0.05275043938308954
303,1.1506864089285893,1.6395381119699126,1,0.512737498103806,0.35150200347347665,0.6371560920875686,0.5484731197357178,0.8842669129371643,0.9428117871284485,0.45455398205502345,0.007942188531160355,0.0541288647800684
304,1.1506864089285893,1.6395381119699126,1,0.512737498103806,0.35150200347347665,0.6371560920875686,0.5484731197357178,0.8842669129371643,0.9428117871284485,0.45455398205502345,0.007763969711959362,0.05326152313500643
305,1.1506864089285893,1.6395381119699126,1,0.512737498103806,0.35150200347347665,0.6371560920875686,0.5484731197357178,0.8842669129371643,0.9428117871284485,0.45455398205502345,0.007488212548196316,0.05336223170161247
306,1.1506864089285893,1.6395381119699126,1,0.512737498103806,0.35150200347347665,0.6371560920875686,0.5484731197357178,0.8842669129371643,0.9428117871284485,0.45455398205502345,0.007514152675867081,0.052676279097795486
307,1.1506864089285893,1.6395381119699126,1,0.512737498103806,0.35150200347347665,0.6371560920875686,0.5484731197357178,0.8842669129371643,0.9428117871284485,0.45455398205502345,0.007516982965171337,0.05298695620149374
308,1.1506864089285893,1.6395381119699126,1,0.512737498103806,0.35150200347347665,0.6371560920875686,0.5484731197357178,0.8842669129371643,0.9428117871284485,0.45455398205502345,0.007554653100669384,0.05316245462745428
309,1.1506864089285893,1.6395381119699126,1,0.512737498103806,0.35150200347347665,0.6371560920875686,0.5484731197357178,0.8842669129371643,0.9428117871284485,0.45455398205502345,0.007528482936322689,0.05317823402583599
310,1.1506864089285893,1.6395381119699126,1,0.512737498103806,0.35150200347347665,0.6371560920875686,0.5484731197357178,0.8842669129371643,0.9428117871284485,0.45455398205502345,0.007327164523303509,0.05294187553226948
311,1.1506864089285893,1.6395381119699126,1,0.512737498103806,0.35150200347347665,0.6371560920875686,0.5484731197357178,0.8842669129371643,0.9428117871284485,0.45455398205502345,0.00778220035135746,0.05331293307244778
312,1.1506864089285893,1.6395381119699126,1,0.512737498103806,0.35150200347347665,0.6371560920875686,0.5484731197357178,0.8842669129371643,0.9428117871284485,0.45455398205502345,0.0075806621462106705,0.053733548149466515
313,1.1506864089285893,1.6395381119699126,1,0.512737498103806,0.35150200347347665,0.6371560920875686,0.5484731197357178,0.8842669129371643,0.9428117871284485,0.45455398205502345,0.007960147224366665,0.05391815584152937
314,1.1506864089285893,1.6395381119699126,1,0.512737498103806,0.35150200347347665,0.6371560920875686,0.5484731197357178,0.8842669129371643,0.9428117871284485,0.45455398205502345,0.007666121236979961,0.053382241167128086
315,1.1506864089285893,1.6395381119699126,1,0.512737498103806,0.35150200347347665,0.6371560920875686,0.5484731197357178,0.8842669129371643,0.9428117871284485,0.45455398205502345,0.007683881558477879,0.05262618977576494
316,1.1506864089285893,1.6395381119699126,1,0.512737498103806,0.35150200347347665,0.6371560920875686,0.5484731197357178,0.8842669129371643,0.9428117871284485,0.45455398205502345,0.007161286659538746,0.052083575166761875
317,1.1506864089285893,1.6395381119699126,1,0.512737498103806,0.35150200347347665,0.6371560920875686,0.5484731197357178,0.8842669129371643,0.9428117871284485,0.45455398205502345,0.007556391879916191,0.05292442534118891
318,1.1506864089285893,1.6395381119699126,1,0.512737498103806,0.35150200347347665,0.6371560920875686,0.5484731197357178,0.8842669129371643,0.9428117871284485,0.45455398205502345,0.007877549156546593,0.053752108477056026
319,1.1506864089285893,1.6395381119699126,1,0.512737498103806,0.35150200347347665,0.6371560920875686,0.5484731197357178,0.8842669129371643,0.9428117871284485,0.45455398205502345,0.0076723406091332436,0.05335705168545246
320,1.1506864089285893,1.6395381119699126,1,0.512737498103806,0.35150200347347665,0.6371560920875686,0.5484731197357178,0.8842669129371643,0.9428117871284485,0.45455398205502345,0.00745544396340847,0.053270782344043255
321,1.1506864089285893,1.6395381119699126,1,0.512737498103806,0.35150200347347665,0.6371560920875686,0.5484731197357178,0.8842669129371643,0.9428117871284485,0.45455398205502345,0.007746451534330845,0.05275669880211353
322,1.1506864089285893,1.6395381119699126,1,0.512737498103806,0.35150200347347665,0.6371560920875686,0.5484731197357178,0.8842669129371643,0.9428117871284485,0.45455398205502345,0.0076164016500115395,0.05363177880644798
323,1.1506864089285893,1.6395381119699126,1,0.512737498103806,0.35150200347347665,0.6371560920875686,0.5484731197357178,0.8842669129371643,0.9428117871284485,0.45455398205502345,0.007519703358411789,0.05360659025609493
324,1.1506864089285893,1.6395381119699126,1,0.512737498103806,0.35150200347347665,0.6371560920875686,0.5484731197357178,0.8842669129371643,0.9428117871284485,0.45455398205502345,0.007483412511646748,0.05293499678373337
325,1.1506864089285893,1.6395381119699126,1,0.512737498103806,0.35150200347347665,0.6371560920875686,0.5484731197357178,0.8842669129371643,0.9428117871284485,0.45455398205502345,0.007321415469050407,0.05259574018418789
326,1.1506864089285893,1.6395381119699126,1,0.512737498103806,0.35150200347347665,0.6371560920875686,0.5484731197357178,0.8842669129371643,0.9428117871284485,0.45455398205502345,0.007798150181770325,0.05338719114661217
327,1.1506864089285893,1.6395381119699126,1,0.512737498103806,0.35150200347347665,0.6371560920875686,0.5484731197357178,0.8842669129371643,0.9428117871284485,0.45455398205502345,0.007500853389501572,0.053186132572591305
328,1.1506864089285893,1.6395381119699126,1,0.512737498103806,0.35150200347347665,0.6371560920875686,0.5484731197357178,0.8842669129371643,0.9428117871284485,0.45455398205502345,0.008523202501237392,0.054380171932280064
329,1.1506864089285893,1.6395381119699126,1,0.512737498103806,0.35150200347347665,0.6371560920875686,0.5484731197357178,0.8842669129371643,0.9428117871284485,0.45455398205502345,0.007866710424423218,0.053607190027832985
330,1.1506864089285893,1.6395381119699126,1,0.512737498103806,0.35150200347347665,0.6371560920875686,0.5484731197357178,0.8842669129371643,0.9428117871284485,0.45455398205502345,0.0073897335678339005,0.05247296113520861
331,1.1506864089285893,1.6395381119699126,1,0.512737498103806,0.35150200347347665,0.6371560920875686,0.5484731197357178,0.8842669129371643,0.9428117871284485,0.45455398205502345,0.007414383813738823,0.05264818947762251
332,1.1506864089285893,1.6395381119699126,1,0.512737498103806,0.35150200347347665,0.6371560920875686,0.5484731197357178,0.8842669129371643,0.9428117871284485,0.45455398205502345,0.0076990313827991486,0.05324990302324295
333,1.1506864089285893,1.6395381119699126,1,0.512737498103806,0.35150200347347665,0.6371560920875686,0.5484731197357178,0.8842669129371643,0.9428117871284485,0.45455398205502345,0.00770248007029295,0.05352342966943979
334,1.1506864089285893,1.6395381119699126,1,0.512737498103806,0.35150200347347665,0.6371560920875686,0.5484731197357178,0.8842669129371643,0.9428117871284485,0.45455398205502345,0.007456113584339619,0.052694839425385
335,1.1506864089285893,1.6395381119699126,1,0.512737498103806,0.35150200347347665,0.6371560920875686,0.5484731197357178,0.8842669129371643,0.9428117871284485,0.45455398205502345,0.0074560027569532394,0.053035554476082325
336,1.1506864089285893,1.6395381119699126,1,0.512737498103806,0.35150200347347665,0.6371560920875686,0.5484731197357178,0.8842669129371643,0.9428117871284485,0.45455398205502345,0.007946208119392395,0.05345665104687214
337,1.1506864089285893,1.6395381119699126,1,0.512737498103806,0.35150200347347665,0.6371560920875686,0.5484731197357178,0.8842669129371643,0.9428117871284485,0.45455398205502345,0.007746740244328976,0.053513030521571636
338,1.1506864089285893,1.6395381119699126,1,0.512737498103806,0.35150200347347665,0.6371560920875686,0.5484731197357178,0.8842669129371643,0.9428117871284485,0.45455398205502345,0.007507292553782463,0.05298185534775257
339,1.1506864089285893,1.6395381119699126,1,0.512737498103806,0.35150200347347665,0.6371560920875686,0.5484731197357178,0.8842669129371643,0.9428117871284485,0.45455398205502345,0.007369234226644039,0.05243533104658127
340,1.1506864089285893,1.6395381119699126,1,0.512737498103806,0.35150200347347665,0.6371560920875686,0.5484731197357178,0.8842669129371643,0.9428117871284485,0.45455398205502345,0.007452034391462803,0.05305613484233618
341,1.1506864089285893,1.6395381119699126,1,0.512737498103806,0.35150200347347665,0.6371560920875686,0.5484731197357178,0.8842669129371643,0.9428117871284485,0.45455398205502345,0.007743251509964466,0.0534747913479805
342,1.1506864089285893,1.6395381119699126,1,0.512737498103806,0.35150200347347665,0.6371560920875686,0.5484731197357178,0.8842669129371643,0.9428117871284485,0.45455398205502345,0.007587801665067673,0.053085203282535076
343,1.1506864089285893,1.6395381119699126,1,0.512737498103806,0.35150200347347665,0.6371560920875686,0.5484731197357178,0.8842669129371643,0.9428117871284485,0.45455398205502345,0.007522862404584885,0.053549970500171185
344,1.1506864089285893,1.6395381119699126,1,0.512737498103806,0.35150200347347665,0.6371560920875686,0.5484731197357178,0.8842669129371643,0.9428117871284485,0.45455398205502345,0.007729271426796913,0.05327917356044054
345,1.1506864089285893,1.6395381119699126,1,0.512737498103806,0.35150200347347665,0.6371560920875686,0.5484731197357178,0.8842669129371643,0.9428117871284485,0.45455398205502345,0.007703270763158798,0.05314984451979399
346,1.1506864089285893,1.6395381119699126,1,0.512737498103806,0.35150200347347665,0.6371560920875686,0.5484731197357178,0.8842669129371643,0.9428117871284485,0.45455398205502345,0.007514962926506996,0.05288155656307936
347,1.1506864089285893,1.6395381119699126,1,0.512737498103806,0.35150200347347665,0.6371560920875686,0.5484731197357178,0.8842669129371643,0.9428117871284485,0.45455398205502345,0.007673691026866436,0.05344040133059025
348,1.1506864089285893,1.6395381119699126,1,0.512737498103806,0.35150200347347665,0.6371560920875686,0.5484731197357178,0.8842669129371643,0.9428117871284485,0.45455398205502345,0.007656250149011612,0.0532807819545269
349,1.1506864089285893,1.6395381119699126,1,0.512737498103806,0.35150200347347665,0.6371560920875686,0.5484731197357178,0.8842669129371643,0.9428117871284485,0.45455398205502345,0.007933977991342545,0.053528099320828915
350,1.1506864089285893,1.6395381119699126,1,0.512737498103806,0.35150200347347665,0.6371560920875686,0.5484731197357178,0.8842669129371643,0.9428117871284485,0.45455398205502345,0.007585521787405014,0.052842956967651844
351,1.1506864089285893,1.6395381119699126,1,0.512737498103806,0.35150200347347665,0.6371560920875686,0.5484731197357178,0.8842669129371643,0.9428117871284485,0.45455398205502345,0.0076355114579200745,0.05360246915370226
352,1.1506864089285893,1.6395381119699126,1,0.512737498103806,0.35150200347347665,0.6371560920875686,0.5484731197357178,0.8842669129371643,0.9428117871284485,0.45455398205502345,0.007786329835653305,0.05364370997995138
353,1.1506864089285893,1.6395381119699126,1,0.512737498103806,0.35150200347347665,0.6371560920875686,0.5484731197357178,0.8842669129371643,0.9428117871284485,0.45455398205502345,0.0074382442981004715,0.05291031673550606
354,1.1506864089285893,1.6395381119699126,1,0.512737498103806,0.35150200347347665,0.6371560920875686,0.5484731197357178,0.8842669129371643,0.9428117871284485,0.45455398205502345,0.007436574436724186,0.05264122039079666
355,1.1506864089285893,1.6395381119699126,1,0.512737498103806,0.35150200347347665,0.6371560920875686,0.5484731197357178,0.8842669129371643,0.9428117871284485,0.45455398205502345,0.007472463883459568,0.05278264731168747
356,1.1506864089285893,1.6395381119699126,1,0.512737498103806,0.35150200347347665,0.6371560920875686,0.5484731197357178,0.8842669129371643,0.9428117871284485,0.45455398205502345,0.0076104216277599335,0.05396715644747019
357,1.1506864089285893,1.6395381119699126,1,0.512737498103806,0.35150200347347665,0.6371560920875686,0.5484731197357178,0.8842669129371643,0.9428117871284485,0.45455398205502345,0.007810009643435478,0.05326255224645138
358,1.1506864089285893,1.6395381119699126,1,0.512737498103806,0.35150200347347665,0.6371560920875686,0.5484731197357178,0.8842669129371643,0.9428117871284485,0.45455398205502345,0.007323284633457661,0.052574590779840946
359,1.1506864089285893,1.6395381119699126,1,0.512737498103806,0.35150200347347665,0.6371560920875686,0.5484731197357178,0.8842669129371643,0.9428117871284485,0.45455398205502345,0.007992987520992756,0.05332989152520895
360,1.1506864089285893,1.6395381119699126,1,0.512737498103806,0.35150200347347665,0.6371560920875686,0.5484731197357178,0.8842669129371643,0.9428117871284485,0.45455398205502345,0.007818610407412052,0.05348556116223335
361,1.1506864089285893,1.6395381119699126,1,0.512737498103806,0.35150200347347665,0.6371560920875686,0.5484731197357178,0.8842669129371643,0.9428117871284485,0.45455398205502345,0.0076179513707757,0.053588489070534706
362,1.1506864089285893,1.6395381119699126,1,0.512737498103806,0.35150200347347665,0.6371560920875686,0.5484731197357178,0.8842669129371643,0.9428117871284485,0.45455398205502345,0.007810230366885662,0.053274333477020264
363,1.1506864089285893,1.6395381119699126,1,0.512737498103806,0.35150200347347665,0.6371560920875686,0.5484731197357178,0.8842669129371643,0.9428117871284485,0.45455398205502345,0.007637110538780689,0.05312464386224747
364,1.1506864089285893,1.6395381119699126,1,0.512737498103806,0.35150200347347665,0.6371560920875686,0.5484731197357178,0.8842669129371643,0.9428117871284485,0.45455398205502345,0.0078031402081251144,0.0536031499505043
365,1.1506864089285893,1.6395381119699126,1,0.512737498103806,0.35150200347347665,0.6371560920875686,0.5484731197357178,0.8842669129371643,0.9428117871284485,0.45455398205502345,0.007566722109913826,0.05305424518883228
366,1.1506864089285893,1.6395381119699126,1,0.512737498103806,0.35150200347347665,0.6371560920875686,0.5484731197357178,0.8842669129371643,0.9428117871284485,0.45455398205502345,0.007526852190494537,0.05351614020764828
367,1.1506864089285893,1.6395381119699126,1,0.512737498103806,0.35150200347347665,0.6371560920875686,0.5484731197357178,0.8842669129371643,0.9428117871284485,0.45455398205502345,0.007921857759356499,0.05335458181798458
368,1.1506864089285893,1.6395381119699126,1,0.512737498103806,0.35150200347347665,0.6371560920875686,0.5484731197357178,0.8842669129371643,0.9428117871284485,0.45455398205502345,0.007529253140091896,0.052859026938676834
369,1.1506864089285893,1.6395381119699126,1,0.512737498103806,0.35150200347347665,0.6371560920875686,0.5484731197357178,0.8842669129371643,0.9428117871284485,0.45455398205502345,0.007567382417619228,0.05279520805925131
370,1.1506864089285893,1.6395381119699126,1,0.512737498103806,0.35150200347347665,0.6371560920875686,0.5484731197357178,0.8842669129371643,0.9428117871284485,0.45455398205502345,0.00747001264244318,0.053039925172924995
371,1.1506864089285893,1.6395381119699126,1,0.512737498103806,0.35150200347347665,0.6371560920875686,0.5484731197357178,0.8842669129371643,0.9428117871284485,0.45455398205502345,0.007505112327635288,0.05330553185194731
372,1.1506864089285893,1.6395381119699126,1,0.512737498103806,0.35150200347347665,0.6371560920875686,0.5484731197357178,0.8842669129371643,0.9428117871284485,0.45455398205502345,0.007532872259616852,0.05304182507097721
373,1.1506864089285893,1.6395381119699126,1,0.512737498103806,0.35150200347347665,0.6371560920875686,0.5484731197357178,0.8842669129371643,0.9428117871284485,0.45455398205502345,0.007497522979974747,0.05274754762649536
374,1.1506864089285893,1.6395381119699126,1,0.512737498103806,0.35150200347347665,0.6371560920875686,0.5484731197357178,0.8842669129371643,0.9428117871284485,0.45455398205502345,0.008031637407839298,0.053339703008532524
375,1.1506864089285893,1.6395381119699126,1,0.512737498103806,0.35150200347347665,0.6371560920875686,0.5484731197357178,0.8842669129371643,0.9428117871284485,0.45455398205502345,0.007921148091554642,0.05370603781193495
376,1.1506864089285893,1.6395381119699126,1,0.512737498103806,0.35150200347347665,0.6371560920875686,0.5484731197357178,0.8842669129371643,0.9428117871284485,0.45455398205502345,0.007427333854138851,0.05289160739630461
377,1.1506864089285893,1.6395381119699126,1,0.512737498103806,0.35150200347347665,0.6371560920875686,0.5484731197357178,0.8842669129371643,0.9428117871284485,0.45455398205502345,0.007405223324894905,0.05244565103203058
378,1.1506864089285893,1.6395381119699126,1,0.512737498103806,0.35150200347347665,0.6371560920875686,0.5484731197357178,0.8842669129371643,0.9428117871284485,0.45455398205502345,0.0077802399173378944,0.053009635768830776
379,1.1506864089285893,1.6395381119699126,1,0.512737498103806,0.35150200347347665,0.6371560920875686,0.5484731197357178,0.8842669129371643,0.9428117871284485,0.45455398205502345,0.0076911309733986855,0.053773168474435806
380,1.1506864089285893,1.6395381119699126,1,0.512737498103806,0.35150200347347665,0.6371560920875686,0.5484731197357178,0.8842669129371643,0.9428117871284485,0.45455398205502345,0.007630151696503162,0.05309995450079441
381,1.1506864089285893,1.6395381119699126,1,0.512737498103806,0.35150200347347665,0.6371560920875686,0.5484731197357178,0.8842669129371643,0.9428117871284485,0.45455398205502345,0.007355724461376667,0.053103324957191944
382,1.1506864089285893,1.6395381119699126,1,0.512737498103806,0.35150200347347665,0.6371560920875686,0.5484731197357178,0.8842669129371643,0.9428117871284485,0.45455398205502345,0.008080286905169487,0.0536402789875865
383,1.1506864089285893,1.6395381119699126,1,0.512737498103806,0.35150200347347665,0.6371560920875686,0.5484731197357178,0.8842669129371643,0.9428117871284485,0.45455398205502345,0.007688420824706554,0.05325940251350403
384,1.1506864089285893,1.6395381119699126,1,0.512737498103806,0.35150200347347665,0.6371560920875686,0.5484731197357178,0.8842669129371643,0.9428117871284485,0.45455398205502345,0.007821280509233475,0.053303312510252
385,1.1506864089285893,1.6395381119699126,1,0.512737498103806,0.35150200347347665,0.6371560920875686,0.5484731197357178,0.8842669129371643,0.9428117871284485,0.45455398205502345,0.007615821436047554,0.053212462924420834
386,1.1506864089285893,1.6395381119699126,1,0.512737498103806,0.35150200347347665,0.6371560920875686,0.5484731197357178,0.8842669129371643,0.9428117871284485,0.45455398205502345,0.007503132335841656,0.052793546579778194
387,1.1506864089285893,1.6395381119699126,1,0.512737498103806,0.35150200347347665,0.6371560920875686,0.5484731197357178,0.8842669129371643,0.9428117871284485,0.45455398205502345,0.007558051496744156,0.052907196804881096
388,1.1506864089285893,1.6395381119699126,1,0.512737498103806,0.35150200347347665,0.6371560920875686,0.5484731197357178,0.8842669129371643,0.9428117871284485,0.45455398205502345,0.007574792951345444,0.05298951640725136
389,1.1506864089285893,1.6395381119699126,1,0.512737498103806,0.35150200347347665,0.6371560920875686,0.5484731197357178,0.8842669129371643,0.9428117871284485,0.45455398205502345,0.007597942836582661,0.05357902962714434
390,1.1506864089285893,1.6395381119699126,1,0.512737498103806,0.35150200347347665,0.6371560920875686,0.5484731197357178,0.8842669129371643,0.9428117871284485,0.45455398205502345,0.007643390446901321,0.05323675274848938
391,1.1506864089285893,1.6395381119699126,1,0.512737498103806,0.35150200347347665,0.6371560920875686,0.5484731197357178,0.8842669129371643,0.9428117871284485,0.45455398205502345,0.00890536792576313,0.05493964534252882
392,1.1506864089285893,1.6395381119699126,1,0.512737498103806,0.35150200347347665,0.6371560920875686,0.5484731197357178,0.8842669129371643,0.9428117871284485,0.45455398205502345,0.007646151818335056,0.05282295774668455
393,1.1506864089285893,1.6395381119699126,1,0.512737498103806,0.35150200347347665,0.6371560920875686,0.5484731197357178,0.8842669129371643,0.9428117871284485,0.45455398205502345,0.007600011304020882,0.05311976373195648
394,1.1506864089285893,1.6395381119699126,1,0.512737498103806,0.35150200347347665,0.6371560920875686,0.5484731197357178,0.8842669129371643,0.9428117871284485,0.45455398205502345,0.007781989872455597,0.05365329887717962
395,1.1506864089285893,1.6395381119699126,1,0.512737498103806,0.35150200347347665,0.6371560920875686,0.5484731197357178,0.8842669129371643,0.9428117871284485,0.45455398205502345,0.007622482255101204,0.053375911898911
396,1.1506864089285893,1.6395381119699126,1,0.512737498103806,0.35150200347347665,0.6371560920875686,0.5484731197357178,0.8842669129371643,0.9428117871284485,0.45455398205502345,0.007529193535447121,0.05294398684054613
397,1.1506864089285893,1.6395381119699126,1,0.512737498103806,0.35150200347347665,0.6371560920875686,0.5484731197357178,0.8842669129371643,0.9428117871284485,0.45455398205502345,0.007754741236567497,0.0531426751986146
398,1.1506864089285893,1.6395381119699126,1,0.512737498103806,0.35150200347347665,0.6371560920875686,0.5484731197357178,0.8842669129371643,0.9428117871284485,0.45455398205502345,0.007635051384568214,0.053372432477772236
399,1.1506864089285893,1.6395381119699126,1,0.512737498103806,0.35150200347347665,0.6371560920875686,0.5484731197357178,0.8842669129371643,0.9428117871284485,0.45455398205502345,0.007837960496544838,0.053856316953897476
400,1.1506864089285893,1.6395381119699126,1,0.512737498103806,0.35150200347347665,0.6371560920875686,0.5484731197357178,0.8842669129371643,0.9428117871284485,0.45455398205502345,0.007680931128561497,0.05340347159653902
401,1.1506864089285893,1.6395381119699126,1,0.512737498103806,0.35150200347347665,0.6371560920875686,0.5484731197357178,0.8842669129371643,0.9428117871284485,0.45455398205502345,0.0073764743283391,0.05257620010524988
402,1.1506864089285893,1.6395381119699126,1,0.512737498103806,0.35150200347347665,0.6371560920875686,0.5484731197357178,0.8842669129371643,0.9428117871284485,0.45455398205502345,0.007715870626270771,0.05361100845038891
403,1.1506864089285893,1.6395381119699126,1,0.512737498103806,0.35150200347347665,0.6371560920875686,0.5484731197357178,0.8842669129371643,0.9428117871284485,0.45455398205502345,0.007481712847948074,0.05265850853174925
404,1.1506864089285893,1.6395381119699126,1,0.512737498103806,0.35150200347347665,0.6371560920875686,0.5484731197357178,0.8842669129371643,0.9428117871284485,0.45455398205502345,0.008434083312749863,0.054981605149805546
405,1.1506864089285893,1.6395381119699126,1,0.512737498103806,0.35150200347347665,0.6371560920875686,0.5484731197357178,0.8842669129371643,0.9428117871284485,0.45455398205502345,0.00771687924861908,0.0541002731770277
406,1.1506864089285893,1.6395381119699126,1,0.512737498103806,0.35150200347347665,0.6371560920875686,0.5484731197357178,0.8842669129371643,0.9428117871284485,0.45455398205502345,0.008272814564406872,0.05379668716341257
407,1.1506864089285893,1.6395381119699126,1,0.512737498103806,0.35150200347347665,0.6371560920875686,0.5484731197357178,0.8842669129371643,0.9428117871284485,0.45455398205502345,0.007837080396711826,0.05402855575084686
408,1.1506864089285893,1.6395381119699126,1,0.512737498103806,0.35150200347347665,0.6371560920875686,0.5484731197357178,0.8842669129371643,0.9428117871284485,0.45455398205502345,0.0075317323207855225,0.052980135194957256
409,1.1506864089285893,1.6395381119699126,1,0.512737498103806,0.35150200347347665,0.6371560920875686,0.5484731197357178,0.8842669129371643,0.9428117871284485,0.45455398205502345,0.0075218528509140015,0.052653439342975616
410,1.1506864089285893,1.6395381119699126,1,0.512737498103806,0.35150200347347665,0.6371560920875686,0.5484731197357178,0.8842669129371643,0.9428117871284485,0.45455398205502345,0.007613582536578178,0.05299835652112961
411,1.1506864089285893,1.6395381119699126,1,0.512737498103806,0.35150200347347665,0.6371560920875686,0.5484731197357178,0.8842669129371643,0.9428117871284485,0.45455398205502345,0.007697450928390026,0.05351131968200207
412,1.1506864089285893,1.6395381119699126,1,0.512737498103806,0.35150200347347665,0.6371560920875686,0.5484731197357178,0.8842669129371643,0.9428117871284485,0.45455398205502345,0.007581891492009163,0.053058214485645294
413,1.1506864089285893,1.6395381119699126,1,0.512737498103806,0.35150200347347665,0.6371560920875686,0.5484731197357178,0.8842669129371643,0.9428117871284485,0.45455398205502345,0.007342004217207432,0.05250006169080734
414,1.1506864089285893,1.6395381119699126,1,0.512737498103806,0.35150200347347665,0.6371560920875686,0.5484731197357178,0.8842669129371643,0.9428117871284485,0.45455398205502345,0.007444294169545174,0.05268160905689001
415,1.1506864089285893,1.6395381119699126,1,0.512737498103806,0.35150200347347665,0.6371560920875686,0.5484731197357178,0.8842669129371643,0.9428117871284485,0.45455398205502345,0.007472783327102661,0.052730548195540905
416,1.1506864089285893,1.6395381119699126,1,0.512737498103806,0.35150200347347665,0.6371560920875686,0.5484731197357178,0.8842669129371643,0.9428117871284485,0.45455398205502345,0.007567733526229858,0.05334510374814272
417,1.1506864089285893,1.6395381119699126,1,0.512737498103806,0.35150200347347665,0.6371560920875686,0.5484731197357178,0.8842669129371643,0.9428117871284485,0.45455398205502345,0.007493102923035622,0.05302914511412382
418,1.1506864089285893,1.6395381119699126,1,0.512737498103806,0.35150200347347665,0.6371560920875686,0.5484731197357178,0.8842669129371643,0.9428117871284485,0.45455398205502345,0.007379613816738129,0.05260946974158287
419,1.1506864089285893,1.6395381119699126,1,0.512737498103806,0.35150200347347665,0.6371560920875686,0.5484731197357178,0.8842669129371643,0.9428117871284485,0.45455398205502345,0.007448304444551468,0.052909317426383495
420,1.1506864089285893,1.6395381119699126,1,0.512737498103806,0.35150200347347665,0.6371560920875686,0.5484731197357178,0.8842669129371643,0.9428117871284485,0.45455398205502345,0.007988938130438328,0.05355689022690058
421,1.1506864089285893,1.6395381119699126,1,0.512737498103806,0.35150200347347665,0.6371560920875686,0.5484731197357178,0.8842669129371643,0.9428117871284485,0.45455398205502345,0.007569152861833572,0.053347742184996605
422,1.1506864089285893,1.6395381119699126,1,0.512737498103806,0.35150200347347665,0.6371560920875686,0.5484731197357178,0.8842669129371643,0.9428117871284485,0.45455398205502345,0.007611282169818878,0.0530717046931386
423,1.1506864089285893,1.6395381119699126,1,0.512737498103806,0.35150200347347665,0.6371560920875686,0.5484731197357178,0.8842669129371643,0.9428117871284485,0.45455398205502345,0.0074807628989219666,0.05281492695212364
424,1.1506864089285893,1.6395381119699126,1,0.512737498103806,0.35150200347347665,0.6371560920875686,0.5484731197357178,0.8842669129371643,0.9428117871284485,0.45455398205502345,0.007486793212592602,0.05310864467173815
425,1.1506864089285893,1.6395381119699126,1,0.512737498103806,0.35150200347347665,0.6371560920875686,0.5484731197357178,0.8842669129371643,0.9428117871284485,0.45455398205502345,0.00781858991831541,0.053565249778330326
426,1.1506864089285893,1.6395381119699126,1,0.512737498103806,0.35150200347347665,0.6371560920875686,0.5484731197357178,0.8842669129371643,0.9428117871284485,0.45455398205502345,0.0076952408999204636,0.053475091233849525
427,1.1506864089285893,1.6395381119699126,1,0.512737498103806,0.35150200347347665,0.6371560920875686,0.5484731197357178,0.8842669129371643,0.9428117871284485,0.45455398205502345,0.007499903440475464,0.05273154843598604
428,1.1506864089285893,1.6395381119699126,1,0.512737498103806,0.35150200347347665,0.6371560920875686,0.5484731197357178,0.8842669129371643,0.9428117871284485,0.45455398205502345,0.007635391317307949,0.05291286576539278
429,1.1506864089285893,1.6395381119699126,1,0.512737498103806,0.35150200347347665,0.6371560920875686,0.5484731197357178,0.8842669129371643,0.9428117871284485,0.45455398205502345,0.007508792914450169,0.05277680791914463
430,1.1506864089285893,1.6395381119699126,1,0.512737498103806,0.35150200347347665,0.6371560920875686,0.5484731197357178,0.8842669129371643,0.9428117871284485,0.45455398205502345,0.007689300924539566,0.05338384211063385
431,1.1506864089285893,1.6395381119699126,1,0.512737498103806,0.35150200347347665,0.6371560920875686,0.5484731197357178,0.8842669129371643,0.9428117871284485,0.45455398205502345,0.00748838298022747,0.052953566424548626
432,1.1506864089285893,1.6395381119699126,1,0.512737498103806,0.35150200347347665,0.6371560920875686,0.5484731197357178,0.8842669129371643,0.9428117871284485,0.45455398205502345,0.0074761128053069115,0.05283067747950554
433,1.1506864089285893,1.6395381119699126,1,0.512737498103806,0.35150200347347665,0.6371560920875686,0.5484731197357178,0.8842669129371643,0.9428117871284485,0.45455398205502345,0.0074765440076589584,0.05294789746403694
434,1.1506864089285893,1.6395381119699126,1,0.512737498103806,0.35150200347347665,0.6371560920875686,0.5484731197357178,0.8842669129371643,0.9428117871284485,0.45455398205502345,0.007547211833298206,0.053191362880170345
435,1.1506864089285893,1.6395381119699126,1,0.512737498103806,0.35150200347347665,0.6371560920875686,0.5484731197357178,0.8842669129371643,0.9428117871284485,0.45455398205502345,0.007903949357569218,0.053890897892415524
436,1.1506864089285893,1.6395381119699126,1,0.512737498103806,0.35150200347347665,0.6371560920875686,0.5484731197357178,0.8842669129371643,0.9428117871284485,0.45455398205502345,0.007896159775555134,0.05349087156355381
437,1.1506864089285893,1.6395381119699126,1,0.512737498103806,0.35150200347347665,0.6371560920875686,0.5484731197357178,0.8842669129371643,0.9428117871284485,0.45455398205502345,0.007577221840620041,0.05286387633532286
438,1.1506864089285893,1.6395381119699126,1,0.512737498103806,0.35150200347347665,0.6371560920875686,0.5484731197357178,0.8842669129371643,0.9428117871284485,0.45455398205502345,0.0076557910069823265,0.05321037396788597
439,1.1506864089285893,1.6395381119699126,1,0.512737498103806,0.35150200347347665,0.6371560920875686,0.5484731197357178,0.8842669129371643,0.9428117871284485,0.45455398205502345,0.007604371756315231,0.0532829724252224
440,1.1506864089285893,1.6395381119699126,1,0.512737498103806,0.35150200347347665,0.6371560920875686,0.5484731197357178,0.8842669129371643,0.9428117871284485,0.45455398205502345,0.007535171695053577,0.053356342017650604
441,1.1506864089285893,1.6395381119699126,1,0.512737498103806,0.35150200347347665,0.6371560920875686,0.5484731197357178,0.8842669129371643,0.9428117871284485,0.45455398205502345,0.007623450830578804,0.05362096894532442
442,1.1506864089285893,1.6395381119699126,1,0.512737498103806,0.35150200347347665,0.6371560920875686,0.5484731197357178,0.8842669129371643,0.9428117871284485,0.45455398205502345,0.007856360636651516,0.053262483328580856
443,1.1506864089285893,1.6395381119699126,1,0.512737498103806,0.35150200347347665,0.6371560920875686,0.5484731197357178,0.8842669129371643,0.9428117871284485,0.45455398205502345,0.007610661908984184,0.053569190204143524
444,1.1506864089285893,1.6395381119699126,1,0.512737498103806,0.35150200347347665,0.6371560920875686,0.5484731197357178,0.8842669129371643,0.9428117871284485,0.45455398205502345,0.008015497587621212,0.05375809781253338
445,1.1506864089285893,1.6395381119699126,1,0.512737498103806,0.35150200347347665,0.6371560920875686,0.5484731197357178,0.8842669129371643,0.9428117871284485,0.45455398205502345,0.007621971890330315,0.05323541443794966
446,1.1506864089285893,1.6395381119699126,1,0.512737498103806,0.35150200347347665,0.6371560920875686,0.5484731197357178,0.8842669129371643,0.9428117871284485,0.45455398205502345,0.007361044175922871,0.052572459913790226
447,1.1506864089285893,1.6395381119699126,1,0.512737498103806,0.35150200347347665,0.6371560920875686,0.5484731197357178,0.8842669129371643,0.9428117871284485,0.45455398205502345,0.007460593245923519,0.05265828873962164
448,1.1506864089285893,1.6395381119699126,1,0.512737498103806,0.35150200347347665,0.6371560920875686,0.5484731197357178,0.8842669129371643,0.9428117871284485,0.45455398205502345,0.007513183169066906,0.053141714073717594
449,1.1506864089285893,1.6395381119699126,1,0.512737498103806,0.35150200347347665,0.6371560920875686,0.5484731197357178,0.8842669129371643,0.9428117871284485,0.45455398205502345,0.007846998982131481,0.053730797953903675
450,1.1506864089285893,1.6395381119699126,1,0.512737498103806,0.35150200347347665,0.6371560920875686,0.5484731197357178,0.8842669129371643,0.9428117871284485,0.45455398205502345,0.0075913723558187485,0.053070235066115856
451,1.1506864089285893,1.6395381119699126,1,0.512737498103806,0.35150200347347665,0.6371560920875686,0.5484731197357178,0.8842669129371643,0.9428117871284485,0.45455398205502345,0.007444413378834724,0.05307302437722683
452,1.1506864089285893,1.6395381119699126,1,0.512737498103806,0.35150200347347665,0.6371560920875686,0.5484731197357178,0.8842669129371643,0.9428117871284485,0.45455398205502345,0.00772906094789505,0.0533166928216815
453,1.1506864089285893,1.6395381119699126,1,0.512737498103806,0.35150200347347665,0.6371560920875686,0.5484731197357178,0.8842669129371643,0.9428117871284485,0.45455398205502345,0.007525652647018433,0.0534278005361557
454,1.1506864089285893,1.6395381119699126,1,0.512737498103806,0.35150200347347665,0.6371560920875686,0.5484731197357178,0.8842669129371643,0.9428117871284485,0.45455398205502345,0.007525263354182243,0.052934137172997
455,1.1506864089285893,1.6395381119699126,1,0.512737498103806,0.35150200347347665,0.6371560920875686,0.5484731197357178,0.8842669129371643,0.9428117871284485,0.45455398205502345,0.0073594944551587105,0.05253127962350845
456,1.1506864089285893,1.6395381119699126,1,0.512737498103806,0.35150200347347665,0.6371560920875686,0.5484731197357178,0.8842669129371643,0.9428117871284485,0.45455398205502345,0.00761062279343605,0.05309348553419113
457,1.1506864089285893,1.6395381119699126,1,0.512737498103806,0.35150200347347665,0.6371560920875686,0.5484731197357178,0.8842669129371643,0.9428117871284485,0.45455398205502345,0.00759271252900362,0.053259323351085186
458,1.1506864089285893,1.6395381119699126,1,0.512737498103806,0.35150200347347665,0.6371560920875686,0.5484731197357178,0.8842669129371643,0.9428117871284485,0.45455398205502345,0.0075673917308449745,0.053052385337650776
459,1.1506864089285893,1.6395381119699126,1,0.512737498103806,0.35150200347347665,0.6371560920875686,0.5484731197357178,0.8842669129371643,0.9428117871284485,0.45455398205502345,0.00752614252269268,0.05351202096790075
460,1.1506864089285893,1.6395381119699126,1,0.512737498103806,0.35150200347347665,0.6371560920875686,0.5484731197357178,0.8842669129371643,0.9428117871284485,0.45455398205502345,0.007818209938704967,0.0530285257846117
461,1.1506864089285893,1.6395381119699126,1,0.512737498103806,0.35150200347347665,0.6371560920875686,0.5484731197357178,0.8842669129371643,0.9428117871284485,0.45455398205502345,0.00764073058962822,0.05321928299963474
462,1.1506864089285893,1.6395381119699126,1,0.512737498103806,0.35150200347347665,0.6371560920875686,0.5484731197357178,0.8842669129371643,0.9428117871284485,0.45455398205502345,0.00808702688664198,0.05377666745334864
463,1.1506864089285893,1.6395381119699126,1,0.512737498103806,0.35150200347347665,0.6371560920875686,0.5484731197357178,0.8842669129371643,0.9428117871284485,0.45455398205502345,0.007682781666517258,0.05350351054221392
464,1.1506864089285893,1.6395381119699126,1,0.512737498103806,0.35150200347347665,0.6371560920875686,0.5484731197357178,0.8842669129371643,0.9428117871284485,0.45455398205502345,0.007889819331467152,0.05356566049158573
465,1.1506864089285893,1.6395381119699126,1,0.512737498103806,0.35150200347347665,0.6371560920875686,0.5484731197357178,0.8842669129371643,0.9428117871284485,0.45455398205502345,0.007856358774006367,0.05343532096594572
466,1.1506864089285893,1.6395381119699126,1,0.512737498103806,0.35150200347347665,0.6371560920875686,0.5484731197357178,0.8842669129371643,0.9428117871284485,0.45455398205502345,0.007641390897333622,0.05334331188350916
467,1.1506864089285893,1.6395381119699126,1,0.512737498103806,0.35150200347347665,0.6371560920875686,0.5484731197357178,0.8842669129371643,0.9428117871284485,0.45455398205502345,0.007876178249716759,0.05310044437646866
468,1.1506864089285893,1.6395381119699126,1,0.512737498103806,0.35150200347347665,0.6371560920875686,0.5484731197357178,0.8842669129371643,0.9428117871284485,0.45455398205502345,0.007630872540175915,0.053230173885822296
469,1.1506864089285893,1.6395381119699126,1,0.512737498103806,0.35150200347347665,0.6371560920875686,0.5484731197357178,0.8842669129371643,0.9428117871284485,0.45455398205502345,0.007389344274997711,0.052561589516699314
470,1.1506864089285893,1.6395381119699126,1,0.512737498103806,0.35150200347347665,0.6371560920875686,0.5484731197357178,0.8842669129371643,0.9428117871284485,0.45455398205502345,0.007502312771975994,0.05291122756898403
471,1.1506864089285893,1.6395381119699126,1,0.512737498103806,0.35150200347347665,0.6371560920875686,0.5484731197357178,0.8842669129371643,0.9428117871284485,0.45455398205502345,0.0074631329625844955,0.053186443634331226
472,1.1506864089285893,1.6395381119699126,1,0.512737498103806,0.35150200347347665,0.6371560920875686,0.5484731197357178,0.8842669129371643,0.9428117871284485,0.45455398205502345,0.007692641578614712,0.053531200625002384
473,1.1506864089285893,1.6395381119699126,1,0.512737498103806,0.35150200347347665,0.6371560920875686,0.5484731197357178,0.8842669129371643,0.9428117871284485,0.45455398205502345,0.007476283237338066,0.05287329666316509
474,1.1506864089285893,1.6395381119699126,1,0.512737498103806,0.35150200347347665,0.6371560920875686,0.5484731197357178,0.8842669129371643,0.9428117871284485,0.45455398205502345,0.007348204962909222,0.053284863010048866
475,1.1506864089285893,1.6395381119699126,1,0.512737498103806,0.35150200347347665,0.6371560920875686,0.5484731197357178,0.8842669129371643,0.9428117871284485,0.45455398205502345,0.007888787426054478,0.05392307601869106
476,1.1506864089285893,1.6395381119699126,1,0.512737498103806,0.35150200347347665,0.6371560920875686,0.5484731197357178,0.8842669129371643,0.9428117871284485,0.45455398205502345,0.007807199843227863,0.05374567862600088
477,1.1506864089285893,1.6395381119699126,1,0.512737498103806,0.35150200347347665,0.6371560920875686,0.5484731197357178,0.8842669129371643,0.9428117871284485,0.45455398205502345,0.00781658012419939,0.053927536122500896
478,1.1506864089285893,1.6395381119699126,1,0.512737498103806,0.35150200347347665,0.6371560920875686,0.5484731197357178,0.8842669129371643,0.9428117871284485,0.45455398205502345,0.007840239442884922,0.05320759303867817
479,1.1506864089285893,1.6395381119699126,1,0.512737498103806,0.35150200347347665,0.6371560920875686,0.5484731197357178,0.8842669129371643,0.9428117871284485,0.45455398205502345,0.007264855317771435,0.052752058021724224
480,1.1506864089285893,1.6395381119699126,1,0.512737498103806,0.35150200347347665,0.6371560920875686,0.5484731197357178,0.8842669129371643,0.9428117871284485,0.45455398205502345,0.007804849185049534,0.053107114508748055
481,1.1506864089285893,1.6395381119699126,1,0.512737498103806,0.35150200347347665,0.6371560920875686,0.5484731197357178,0.8842669129371643,0.9428117871284485,0.45455398205502345,0.007484163157641888,0.05302634462714195
482,1.1506864089285893,1.6395381119699126,1,0.512737498103806,0.35150200347347665,0.6371560920875686,0.5484731197357178,0.8842669129371643,0.9428117871284485,0.45455398205502345,0.00795596744865179,0.05390970595180988
483,1.1506864089285893,1.6395381119699126,1,0.512737498103806,0.35150200347347665,0.6371560920875686,0.5484731197357178,0.8842669129371643,0.9428117871284485,0.45455398205502345,0.007495652884244919,0.05293166637420654
484,1.1506864089285893,1.6395381119699126,1,0.512737498103806,0.35150200347347665,0.6371560920875686,0.5484731197357178,0.8842669129371643,0.9428117871284485,0.45455398205502345,0.007337205111980438,0.05272656865417957
485,1.1506864089285893,1.6395381119699126,1,0.512737498103806,0.35150200347347665,0.6371560920875686,0.5484731197357178,0.8842669129371643,0.9428117871284485,0.45455398205502345,0.007388823665678501,0.052606670185923576
486,1.1506864089285893,1.6395381119699126,1,0.512737498103806,0.35150200347347665,0.6371560920875686,0.5484731197357178,0.8842669129371643,0.9428117871284485,0.45455398205502345,0.007595490664243698,0.053134363144636154
487,1.1506864089285893,1.6395381119699126,1,0.512737498103806,0.35150200347347665,0.6371560920875686,0.5484731197357178,0.8842669129371643,0.9428117871284485,0.45455398205502345,0.007538972422480583,0.05336580239236355
488,1.1506864089285893,1.6395381119699126,1,0.512737498103806,0.35150200347347665,0.6371560920875686,0.5484731197357178,0.8842669129371643,0.9428117871284485,0.45455398205502345,0.007562992163002491,0.05270681902766228
489,1.1506864089285893,1.6395381119699126,1,0.512737498103806,0.35150200347347665,0.6371560920875686,0.5484731197357178,0.8842669129371643,0.9428117871284485,0.45455398205502345,0.007462724111974239,0.0530570549890399
490,1.1506864089285893,1.6395381119699126,1,0.512737498103806,0.35150200347347665,0.6371560920875686,0.5484731197357178,0.8842669129371643,0.9428117871284485,0.45455398205502345,0.008043857291340828,0.05380464717745781
491,1.1506864089285893,1.6395381119699126,1,0.512737498103806,0.35150200347347665,0.6371560920875686,0.5484731197357178,0.8842669129371643,0.9428117871284485,0.45455398205502345,0.007572581991553307,0.053244823589921
492,1.1506864089285893,1.6395381119699126,1,0.512737498103806,0.35150200347347665,0.6371560920875686,0.5484731197357178,0.8842669129371643,0.9428117871284485,0.45455398205502345,0.007597992196679115,0.053189024329185486
493,1.1506864089285893,1.6395381119699126,1,0.512737498103806,0.35150200347347665,0.6371560920875686,0.5484731197357178,0.8842669129371643,0.9428117871284485,0.45455398205502345,0.00731231551617384,0.0525370417162776
494,1.1506864089285893,1.6395381119699126,1,0.512737498103806,0.35150200347347665,0.6371560920875686,0.5484731197357178,0.8842669129371643,0.9428117871284485,0.45455398205502345,0.0074159735813736916,0.05282693635672331
495,1.1506864089285893,1.6395381119699126,1,0.512737498103806,0.35150200347347665,0.6371560920875686,0.5484731197357178,0.8842669129371643,0.9428117871284485,0.45455398205502345,0.007604002021253109,0.053208193741738796
496,1.1506864089285893,1.6395381119699126,1,0.512737498103806,0.35150200347347665,0.6371560920875686,0.5484731197357178,0.8842669129371643,0.9428117871284485,0.45455398205502345,0.007465353235602379,0.053040395490825176
497,1.1506864089285893,1.6395381119699126,1,0.512737498103806,0.35150200347347665,0.6371560920875686,0.5484731197357178,0.8842669129371643,0.9428117871284485,0.45455398205502345,0.00768941268324852,0.05368549935519695
498,1.1506864089285893,1.6395381119699126,1,0.512737498103806,0.35150200347347665,0.6371560920875686,0.5484731197357178,0.8842669129371643,0.9428117871284485,0.45455398205502345,0.007745030336081982,0.05353256035596132
499,1.1506864089285893,1.6395381119699126,1,0.512737498103806,0.35150200347347665,0.6371560920875686,0.5484731197357178,0.8842669129371643,0.9428117871284485,0.45455398205502345,0.007437803782522678,0.052866348065435886
